    8275    2317   93342       0     331       0     993       0       0
  580905  104265 1092300   29459  270096    2648  117174   12247     331
  845043   99631 1096934   15557  256194     993  130083   13571     993
 2102843   38065  625590     993   23832     331  257849   35086     993
  720918    9930   93342     331     662       0   73151   19198    8937
  731510   40051  380319    2648    1655       0   61897    5958       0
 1105540  135379  933089   32107   26811       0   83081   38727    1655
 1204178  138358 1099251   13571   36079       0  220115   86060     331
  879798  147295 1012198   10592  328021       0  304189   29459    1986
 1895968  375685  963872    7944   63221       0  165831     993       0
 1632492  162852 1146915    8606  180726    6289  165831       0     331
 2221672  433610 2104829    1324   15888       0  149943    2648     662
   67524   58587  213164    1324  165169       0  816908    1655   29459
 2081990  204558 1903912    5296  146302       0  283667   14895     993
 4782950  112871 1261110     662   55608       0  599110  246264    1324
 1438195  101948  795724    1324    8937       0  143985  108899    1324
  773216  116843  438244   15226   93011       0   47995    1986       0
 2023072  317429 1508698    3310   37403       0  615660  166493   33100
 3754864  284991 1419659    4965   15226       0  319084   26811    2317
 1753969  208861 1368023    1986   12578       0  118167     993       0
  702382   29128  352515     331   10923       0  549791  470351   18205
  611688   52298  399517    2979   13902       0  577264  251229   18867
  711650  167486 1059862    2648   32438       0  385284  308823   24494
  500803   15226  145309     993   26149       0  408454  106251    3641
  967513  121146  684177    6289   45678       0  257849   40713    1324
  666965   36741  553101    1986   50643    1324  180726   41706    2648
 1252504   36741  453801    1324    6289       0  395545  251560   12909
 1296527   66862  440230       0   53622       0   90032   47995       0
  989028   61897  497162     331    2648       0   76130    4303       0
 1259124   50312  504444    1324   48657       0  141006    4303     331
 2101850  186022 1198551   24825  164176       0  176423   32769    3641
  788773  111878  634196       0     331       0   59911    5296       0
 2135281  193304 1079391    1986   16219       0  149943    7282     331
 1850621  153584  761962    2317   75799       0   66862     993     331
 1500092  100955  782484    6951   52629     331  432286  138027    9930
  688149   35086  723566    1655   38396    1324  141668    7613     331
 1780780  129421  855304    3641   33762       0  389256  124456    1986
 1231982   84074  642471    3310   20853       0  765272  279033    5296
 2396771  121146 1259455    3641   11254     331  195290    6951     331
 2126013  162521 1026431    1986   12909       0  172451    1655       0
 1970774  109892  595800    5958   28135       0  114526    6951       0
 1566954  133724  767589    6289   11916       0  104265    1324     331
  509740  318091  665310   29790  184698       0   83743     331       0
 1016170  181388 1392517    5627  136041       0  140344     662       0
  870861  240968 1692403   25487  207206       0  166824     331     331
 2461316  293266 1249856   18536   47664       0  236665     331     662
 2129323  145309  645450    5627   19860       0  132069     662       0
 2021748  121808  936399    2317   26149     662  327690   19529    2648
 1628520  169803  967513    3972   48988       0  107575    1324       0
 2128661  243285 1878094   19198  165500       0  102279    2317     331
 2102843  204227 1373319    9268   66200       0  186022     331    3310
 5079195  252553 2225644   18205  167155       0  577264    8275     662
 1645070  143654 1574236   28797  115850     662  232031    6620     993
  794400   70172 1102892   10592  140344       0   94997     993       0
  876157  126111 1303147   13240  202903     331  123463    5296     993
  823528  209523  728531   17212  128097    1986  132069     662     662
 1748342  141337 1662282   13240   53953   14564  205551    3310    8937
  965858  142330 1432237   36079  524304    6620  244609    4965     662
  118167   58918  363107   47664  264469   13571   72158    9599    1324
  185360   38065  470351    7282   72158       0   52629   11254     662
  264138   63552  490211   12247  272082    1324  136703    8606     331
  139682   42699  421032   21184  152922     331   54284    7613       0
  435265   37072  452808   20191  187677    1655  116181   21184     331
  663986   75468  654387   22508  212502    1655  161197   24494    1324
  783477   76461  840409   24825  273737    1655  184367   18536     662
  433941   89701 1137647   20853  394552    3310  131738   15557     662
  528938   68186 1443822   18536  312464    5958  109561   16550       0
  541185   58918  746736   44685  544826     993  132400   15888    2979
 2282245  108568 1032720    1986   38065       0  447181   13571     662
 1278653  113864 1056221    2648   61235     662  218460   29459    1655
  951956   69510  847360   14233  157225     331   82750    4634       0
  764610   45016 1201861   19860  188008    1655   71827    1986     662
  431293   71827 1129372   32438  268110    5296   93673    1655       0
  760307   19198  476309    2648   60242    2979   47002     662       0
  419377   13902  269434    6620   45678    6620   63552    4303   17874
  353839   57594  593814   14564  197607    4634   74806   17874     662
   84405   24825  573954    7944  175430    3310   31776       0     662
  208861   31114  947653   10592  204558    5958   47002    3972       0
  286977   95328  899658   47002  308161    1986  100624    2979       0
  768251   71496 1468316   29790  265131     993  100955    2979       0
 1002599   42368  836106    2648   71496    4303   87715     993       0
  218460   83743   97314   58918   63552     331   76130    3310     662
  152591  282674  813598   79440  544826       0   85067    1324       0
  449498  233024  925145  180726  933751    5296  229052   13902     662
  152922  150936  780498   78116 1159162   10923  111878     993     662
  613012   32438 1381594    9930  228059     662  148950     331     331
  368734  293266 1490493  121808  782153     331  170465    1324     993
  570975  150936 1246215   73813 1026762    5627  132731       0     331
  899327  104265 1409729   19529   95659       0   87715    2648       0
  395876  138689 1343529   30121  155239       0  108237    3310     662
 2942259  169803  692452    3310   16219       0  338613   70503     993
 3947175  188008 1015839     331   15557       0  320739   37072     993
 2604308  123794  496831    7282   29459       0  313788   13571       0
 2212073   36079  779836    2317   32107       0  113864       0     331
 2587427   76461  678881   14564  135379       0  155239   20522       0
   20853   33431  206875   38065  141668  132400   13902       0       0
  233686  251560 1613625   39058  410771       0   60904     331     662
  892045  476640 1697368  234017  820218       0  242623    7282    1655
  438244  845374 2271653  269103  950632     331  177747    3310       0
  503451  143323  479619   37734  220115       0  100955    2648     331
  575278   23832  284991    1324   21515       0   94997   15226       0
  605068  205882 1147577   92349  483922     331   93011       0       0
  970823  396207 1597406   47002  238651     331  246926     331       0
  206544   30452  162852    1986   88377       0   26811       0     331
  387932   25818  260166   17874  196283       0   57263   14564       0
 1297520  100293  759976    1655   13240       0  102941    5296       0
   96983   39058  235672    2317   15557       0   13902       0       0
   71165   52960   80102    8275   19860       0    5958       0       0
   21515  225742  675571  142330  210516       0   23170       0       0
   49981    1655   41375     331   52298     331    9268     331     331
    1986   30121   32107    7613   15888       0    2979       0     331
    3310    3641    9268    2317   18867       0    5296       0       0
 2589413   64214  674578     993   26149       0  274399   45016       0
 2759547   39720  320077     993    5627       0  184367   11916     993
