 1 4.2 50.0380 35.6087   0.2203
 1 4.2 51.4182 35.7577  0.0107
 1 4.6 51.879  35.8979  0.125
 1 5.4 52.2034 36.1236  0.066
 1 5.5 51.0024 35.6963  0.036
 1 6.4 52.504  34.902  0.0178
 1 7.1 51.4976 35.5967  0.0012
 1 7.2 50.704  35.7002  0.0032
 18 6.9	52.0488 35.1187	52.0306 35.1281 51.9851 35.1437	51.9851 35.1437	52.1753 35.1594	51.8278 35.1656	51.7944 35.1844	51.8548 35.1906	51.8819 35.1969	52.211 35.2156	51.785 35.2188	52.3135 35.2406	52.2289 35.2437	52.2953 35.2469 51.7575 35.2531 52.3887 35.2781 52.4038 35.2844 51.7118 35.3 0.0052
 9  6.6 51.483  35.5437 51.4376 35.55   51.4013 35.5562 51.3711 35.5594 51.5402 35.5625 51.1563 35.5906 51.265  35.5938 51.3193 35.6031 51.1954 35.6062  0.0043
 8  7.5 51.3081 36.1687 51.4023 36.1125 51.5598 36.0719 51.6265 36.0375 51.8058 35.9312 52.0934 35.8656 52.2327 35.8281 52.4505 35.7937 0.0036
 7  6   51.6162 35.8406	51.5678 35.8562	51.5373 35.8844	51.5221 35.8937	51.386  35.9094	51.4132 35.9156	51.4615 35.9187 0.0012
 14 6.9	51.1296 35.8687	51.1507 35.875	51.0962 35.8812	51.0962 35.8812	51.1717 35.8844	51.2352 35.8875	51.2774 35.8969	51.3196 35.9062	51.2924 35.9094	51.3676 35.9375	51.5096 35.9437	51.437 35.95 51.4551 35.9531 51.4188 35.9562 0.0005
-9      51.3618 35.9125	51.3768 35.9219	51.401  35.925	51.4523 35.9344	51.5429 35.9375	51.7392 35.9469	51.5971 35.9531	51.6756 35.9594	51.6423 35.9625										
-8		51.0934 35.8562	51.0752 35.8687	51.0598	35.8969	51.0447 35.9	51.0265	35.9125 51.0143 35.9219	51.0141 35.9469	50.9957 35.9719												
