   1.0000000e+00   4.8150000e+00   5.1604359e+01   3.5615603e+01   1.0000000e-04
   1.0000000e+00   4.8170000e+00   5.0984502e+01   3.5842168e+01   1.0000000e-04
   1.0000000e+00   4.8190000e+00   5.1429856e+01   3.5822194e+01   1.0000000e-04
   1.0000000e+00   4.8270000e+00   5.1325374e+01   3.6105414e+01   1.0000000e-04
   1.0000000e+00   4.8310000e+00   5.1492132e+01   3.5663298e+01   1.0000000e-04
   1.0000000e+00   4.8350000e+00   5.1902413e+01   3.5528190e+01   1.0000000e-04
   1.0000000e+00   4.8360000e+00   5.1568871e+01   3.5725762e+01   1.0000000e-04
   1.0000000e+00   4.8380000e+00   5.1472764e+01   3.5366630e+01   1.0000000e-04
   1.0000000e+00   4.8480000e+00   5.1760060e+01   3.5626690e+01   1.0000000e-04
   1.0000000e+00   4.8500000e+00   5.1288826e+01   3.5698091e+01   1.0000000e-04
   1.0000000e+00   4.8620000e+00   5.1547036e+01   3.5625462e+01   1.0000000e-04
   1.0000000e+00   4.8630000e+00   5.1446802e+01   3.5531428e+01   1.0000000e-04
   1.0000000e+00   4.8690000e+00   5.1815056e+01   3.5762337e+01   1.0000000e-04
   1.0000000e+00   4.8800000e+00   5.1947572e+01   3.5710441e+01   1.0000000e-04
   1.0000000e+00   4.8820000e+00   5.1591066e+01   3.5759507e+01   1.0000000e-04
   1.0000000e+00   4.8850000e+00   5.1535237e+01   3.5543483e+01   1.0000000e-04
   1.0000000e+00   4.8860000e+00   5.1566311e+01   3.5570814e+01   1.0000000e-04
   1.0000000e+00   4.8890000e+00   5.1587148e+01   3.6093726e+01   1.0000000e-04
   1.0000000e+00   4.8950000e+00   5.1850700e+01   3.5886852e+01   1.0000000e-04
   1.0000000e+00   4.8950000e+00   5.1637332e+01   3.5522477e+01   1.0000000e-04
   1.0000000e+00   4.9010000e+00   5.1063163e+01   3.5786083e+01   1.0000000e-04
   1.0000000e+00   4.9070000e+00   5.1388116e+01   3.5624219e+01   1.0000000e-04
   1.0000000e+00   4.9110000e+00   5.1947094e+01   3.5702851e+01   1.0000000e-04
   1.0000000e+00   4.9310000e+00   5.0962768e+01   3.5758636e+01   1.0000000e-04
   1.0000000e+00   4.9460000e+00   5.1949057e+01   3.5720137e+01   1.0000000e-04
   1.0000000e+00   4.9460000e+00   5.0994793e+01   3.5681160e+01   1.0000000e-04
   1.0000000e+00   4.9600000e+00   5.0994753e+01   3.5731952e+01   1.0000000e-04
   1.0000000e+00   4.9620000e+00   5.1211386e+01   3.5712722e+01   1.0000000e-04
   1.0000000e+00   4.9760000e+00   5.1662223e+01   3.5672342e+01   1.0000000e-04
   1.0000000e+00   4.9930000e+00   5.1727752e+01   3.5904366e+01   1.0000000e-04
   1.0000000e+00   4.9980000e+00   5.1716145e+01   3.5774348e+01   1.0000000e-04
   1.0000000e+00   5.0000000e+00   5.1173391e+01   3.5715550e+01   1.0000000e-04
   1.0000000e+00   5.0370000e+00   5.1985132e+01   3.5791591e+01   1.0000000e-04
   1.0000000e+00   5.0400000e+00   5.1535228e+01   3.5755433e+01   1.0000000e-04
   1.0000000e+00   5.0510000e+00   5.1395506e+01   3.5723657e+01   1.0000000e-04
   1.0000000e+00   5.0570000e+00   5.1612781e+01   3.5906443e+01   1.0000000e-04
   1.0000000e+00   5.0630000e+00   5.1854745e+01   3.5828317e+01   1.0000000e-04
   1.0000000e+00   5.0810000e+00   5.1942443e+01   3.5766335e+01   1.0000000e-04
   1.0000000e+00   5.0840000e+00   5.1971898e+01   3.5684219e+01   1.0000000e-04
   1.0000000e+00   5.0990000e+00   5.1601500e+01   3.6110038e+01   1.0000000e-04
   1.0000000e+00   5.1150000e+00   5.1156114e+01   3.5652306e+01   1.0000000e-04
   1.0000000e+00   5.1260000e+00   5.1399678e+01   3.5718407e+01   1.0000000e-04
   1.0000000e+00   5.1440000e+00   5.0915843e+01   3.5995648e+01   1.0000000e-04
   1.0000000e+00   5.1550000e+00   5.1018328e+01   3.5789525e+01   1.0000000e-04
   1.0000000e+00   5.1660000e+00   5.1755128e+01   3.6118918e+01   1.0000000e-04
   1.0000000e+00   5.1700000e+00   5.1638171e+01   3.5988288e+01   1.0000000e-04
   1.0000000e+00   5.1980000e+00   5.1462457e+01   3.5769896e+01   1.0000000e-04
   1.0000000e+00   5.2230000e+00   5.1593349e+01   3.6074064e+01   1.0000000e-04
   1.0000000e+00   5.2280000e+00   5.1156833e+01   3.6195463e+01   1.0000000e-04
   1.0000000e+00   5.2320000e+00   5.2057773e+01   3.5818093e+01   1.0000000e-04
   1.0000000e+00   5.2370000e+00   5.1247756e+01   3.5944394e+01   1.0000000e-04
   1.0000000e+00   5.2380000e+00   5.1859954e+01   3.5307539e+01   1.0000000e-04
   1.0000000e+00   5.2420000e+00   5.2042720e+01   3.5863735e+01   1.0000000e-04
   1.0000000e+00   5.2560000e+00   5.1969935e+01   3.5514576e+01   1.0000000e-04
   1.0000000e+00   5.2910000e+00   5.1364180e+01   3.5769829e+01   1.0000000e-04
   1.0000000e+00   5.3010000e+00   5.1105105e+01   3.6203886e+01   1.0000000e-04
   1.0000000e+00   5.3120000e+00   5.1455993e+01   3.5874545e+01   1.0000000e-04
   1.0000000e+00   5.3180000e+00   5.1568937e+01   3.5853583e+01   1.0000000e-04
   1.0000000e+00   5.3230000e+00   5.1397110e+01   3.6195415e+01   1.0000000e-04
   1.0000000e+00   5.3350000e+00   5.2134432e+01   3.5743048e+01   1.0000000e-04
   1.0000000e+00   5.3590000e+00   5.2048526e+01   3.5837091e+01   1.0000000e-04
   1.0000000e+00   5.3650000e+00   5.1806724e+01   3.5875372e+01   1.0000000e-04
   1.0000000e+00   5.3850000e+00   5.1002574e+01   3.5414758e+01   1.0000000e-04
   1.0000000e+00   5.3850000e+00   5.1371240e+01   3.5792529e+01   1.0000000e-04
   1.0000000e+00   5.4050000e+00   5.1380366e+01   3.5659820e+01   1.0000000e-04
   1.0000000e+00   5.4710000e+00   5.1672686e+01   3.6282381e+01   1.0000000e-04
   1.0000000e+00   5.5000000e+00   5.2063887e+01   3.5547882e+01   1.0000000e-04
   1.0000000e+00   5.5090000e+00   5.2010723e+01   3.5788212e+01   1.0000000e-04
   1.0000000e+00   5.5270000e+00   5.1995072e+01   3.6151722e+01   1.0000000e-04
   1.0000000e+00   5.5470000e+00   5.0907099e+01   3.5873629e+01   1.0000000e-04
   1.0000000e+00   5.5570000e+00   5.1739781e+01   3.5954367e+01   1.0000000e-04
   1.0000000e+00   5.5890000e+00   5.1971028e+01   3.6131062e+01   1.0000000e-04
   1.0000000e+00   5.6000000e+00   5.1720167e+01   3.5944513e+01   1.0000000e-04
   1.0000000e+00   5.6120000e+00   5.1458300e+01   3.5808026e+01   1.0000000e-04
   1.0000000e+00   5.6230000e+00   5.1636401e+01   3.6338942e+01   1.0000000e-04
   1.0000000e+00   5.6240000e+00   5.1420830e+01   3.5764586e+01   1.0000000e-04
   1.0000000e+00   5.6490000e+00   5.1453329e+01   3.5630699e+01   1.0000000e-04
   1.0000000e+00   5.6620000e+00   5.1766685e+01   3.5813753e+01   1.0000000e-04
   1.0000000e+00   5.6760000e+00   5.2122944e+01   3.5983293e+01   1.0000000e-04
   1.0000000e+00   5.6900000e+00   5.1277036e+01   3.6164017e+01   1.0000000e-04
   1.0000000e+00   5.7360000e+00   5.2002366e+01   3.5795161e+01   1.0000000e-04
   1.0000000e+00   5.7690000e+00   5.1492729e+01   3.5788193e+01   1.0000000e-04
   1.0000000e+00   5.8260000e+00   5.2181327e+01   3.5782241e+01   1.0000000e-04
   1.0000000e+00   5.8470000e+00   5.1916411e+01   3.6117471e+01   1.0000000e-04
   1.0000000e+00   5.8690000e+00   5.0723944e+01   3.5951223e+01   1.0000000e-04
   1.0000000e+00   5.8800000e+00   5.2097397e+01   3.5322056e+01   1.0000000e-04
   1.0000000e+00   5.9430000e+00   5.2365188e+01   3.6043964e+01   1.0000000e-04
   1.0000000e+00   5.9560000e+00   5.2232600e+01   3.6155419e+01   1.0000000e-04
   1.0000000e+00   5.9720000e+00   5.0849608e+01   3.6372700e+01   1.0000000e-04
   1.0000000e+00   6.0350000e+00   5.1874999e+01   3.5959517e+01   1.0000000e-04
   1.0000000e+00   6.0720000e+00   5.2245182e+01   3.5909793e+01   1.0000000e-04
   1.0000000e+00   6.2620000e+00   5.1561336e+01   3.5792458e+01   1.0000000e-04
   1.0000000e+00   6.5030000e+00   5.2547694e+01   3.6109040e+01   1.0000000e-04
   1.0000000e+00   6.5450000e+00   5.1695975e+01   3.5504537e+01   1.0000000e-04
   1.0000000e+00   6.5530000e+00   5.1363937e+01   3.6482303e+01   1.0000000e-04
   1.0000000e+00   6.5570000e+00   5.2169023e+01   3.4911672e+01   1.0000000e-04
   1.0000000e+00   6.6040000e+00   5.2500651e+01   3.6233406e+01   1.0000000e-04
   1.0000000e+00   6.7020000e+00   5.1236148e+01   3.6359321e+01   1.0000000e-04
   1.0000000e+00   6.7040000e+00   5.2104153e+01   3.6371608e+01   1.0000000e-04
   1.0000000e+00   6.7540000e+00   5.1519352e+01   3.6360335e+01   1.0000000e-04
   1.0000000e+00   6.8070000e+00   5.2166920e+01   3.4833044e+01   1.0000000e-04
   1.0000000e+00   6.8220000e+00   5.0817209e+01   3.6214145e+01   1.0000000e-04
   1.0000000e+00   6.8540000e+00   5.1651583e+01   3.6365306e+01   1.0000000e-04
   1.0000000e+00   6.9040000e+00   5.2278842e+01   3.6239191e+01   1.0000000e-04
   1.0000000e+00   6.9420000e+00   5.1832220e+01   3.5745850e+01   1.0000000e-04
   1.0000000e+00   6.9540000e+00   5.1470420e+01   3.6434426e+01   1.0000000e-04
   1.0000000e+00   7.0150000e+00   5.0310393e+01   3.6430920e+01   1.0000000e-04
   1.0000000e+00   7.0630000e+00   5.0648135e+01   3.6414413e+01   1.0000000e-04
   1.0000000e+00   7.1350000e+00   5.0365686e+01   3.6473552e+01   1.0000000e-04
   1.0000000e+00   7.1830000e+00   5.0574113e+01   3.6325706e+01   1.0000000e-04
   1.0000000e+00   7.2280000e+00   5.1010551e+01   3.5675090e+01   1.0000000e-04
   1.0000000e+00   7.2560000e+00   5.0231328e+01   3.6576029e+01   1.0000000e-04
   1.0000000e+00   7.3760000e+00   5.0455288e+01   3.6397986e+01   1.0000000e-04
