0   0   0
0   1   1
0   2   2
0   3   3
0   4   4
0   5   5
0   6   6
0   7   7
0   8   8
0   9   9
0   10   10
0   11   11
0   12   12
0   13   13
0   14   14
0   15   15
0   16   16
0   17   17
0   18   18
0   19   19
0   20   20
0   21   21
0   22   22
0   23   23
0   24   24
0   25   25
0   26   26
0   27   27
0   28   28
0   29   29
0   30   30
0   31   31
0   32   32
0   33   33
0   34   34
0   35   35
0   36   36
0   37   37
0   38   38
0   39   39
0   40   40
0   41   41
0   42   42
0   43   43
0   44   44
0   45   45
0   46   46
0   47   47
0   48   48
0   49   49
0   50   50
0   51   51
0   52   52
0   53   53
0   54   54
0   55   55
0   56   56
0   57   57
0   58   58
0   59   59
0   60   60
0   61   61
0   62   62
0   63   63
0   64   64
0   65   65
0   66   66
0   67   67
0   68   68
0   69   69
0   70   70
0   71   71
0   72   72
0   73   73
0   74   74
0   75   75
0   76   76
0   77   77
0   78   78
0   79   79
0   80   80
0   81   81
0   82   82
0   83   83
0   84   84
0   85   85
0   86   86
0   87   87
0   88   88
0   89   89
0   90   90
0   91   91
0   92   92
0   93   93
0   94   94
0   95   95
0   96   96
0   97   97
0   98   98
0   99   99
0   100   100
0   101   101
0   102   102
0   103   103
0   104   104
0   105   105
0   106   106
0   107   107
0   108   108
0   109   109
0   110   110
0   111   111
0   112   112
0   113   113
1   0   114
1   1   115
1   2   116
1   3   117
1   4   118
1   5   119
1   6   120
1   7   121
1   8   122
1   9   123
1   10   124
1   11   125
1   12   126
1   13   127
1   14   128
1   15   129
1   16   130
1   17   131
1   18   132
1   19   133
1   20   134
1   21   135
1   22   136
1   23   137
1   24   138
1   25   139
1   26   140
1   27   141
1   28   142
1   29   143
1   30   144
1   31   145
1   32   146
1   33   147
1   34   148
1   35   149
1   36   150
1   37   151
1   38   152
1   39   153
1   40   154
1   41   155
1   42   156
1   43   157
1   44   158
1   45   159
1   46   160
1   47   161
1   48   162
1   49   163
1   50   164
1   51   165
1   52   166
1   53   167
1   54   168
1   55   169
1   56   170
1   57   171
1   58   172
1   59   173
1   60   174
1   61   175
1   62   176
1   63   177
1   64   178
1   65   179
1   66   180
1   67   181
1   68   182
1   69   183
1   70   184
1   71   185
1   72   186
1   73   187
1   74   188
1   75   189
1   76   190
1   77   191
1   78   192
1   79   193
1   80   194
1   81   195
1   82   196
1   83   197
1   84   198
1   85   199
1   86   200
1   87   201
1   88   202
1   89   203
1   90   204
1   91   205
1   92   206
1   93   207
1   94   208
1   95   209
1   96   210
1   97   211
1   98   212
1   99   213
1   100   214
1   101   215
1   102   216
1   103   217
1   104   218
1   105   219
1   106   220
1   107   221
1   108   222
1   109   223
1   110   224
1   111   225
1   112   226
1   113   227
2   0   228
2   1   229
2   2   230
2   3   231
2   4   232
2   5   233
2   6   234
2   7   235
2   8   236
2   9   237
2   10   238
2   11   239
2   12   240
2   13   241
2   14   242
2   15   243
2   16   244
2   17   245
2   18   246
2   19   247
2   20   248
2   21   249
2   22   250
2   23   251
2   24   252
2   25   253
2   26   254
2   27   255
2   28   256
2   29   257
2   30   258
2   31   259
2   32   260
2   33   261
2   34   262
2   35   263
2   36   264
2   37   265
2   38   266
2   39   267
2   40   268
2   41   269
2   42   270
2   43   271
2   44   272
2   45   273
2   46   274
2   47   275
2   48   276
2   49   277
2   50   278
2   51   279
2   52   280
2   53   281
2   54   282
2   55   283
2   56   284
2   57   285
2   58   286
2   59   287
2   60   288
2   61   289
2   62   290
2   63   291
2   64   292
2   65   293
2   66   294
2   67   295
2   68   296
2   69   297
2   70   298
2   71   299
2   72   300
2   73   301
2   74   302
2   75   303
2   76   304
2   77   305
2   78   306
2   79   307
2   80   308
2   81   309
2   82   310
2   83   311
2   84   312
2   85   313
2   86   314
2   87   315
2   88   316
2   89   317
2   90   318
2   91   319
2   92   320
2   93   321
2   94   322
2   95   323
2   96   324
2   97   325
2   98   326
2   99   327
2   100   328
2   101   329
2   102   330
2   103   331
2   104   332
2   105   333
2   106   334
2   107   335
2   108   336
2   109   337
2   110   338
2   111   339
2   112   340
2   113   341
3   0   342
3   1   343
3   2   344
3   3   345
3   4   346
3   5   347
3   6   348
3   7   349
3   8   350
3   9   351
3   10   352
3   11   353
3   12   354
3   13   355
3   14   356
3   15   357
3   16   358
3   17   359
3   18   360
3   19   361
3   20   362
3   21   363
3   22   364
3   23   365
3   24   366
3   25   367
3   26   368
3   27   369
3   28   370
3   29   371
3   30   372
3   31   373
3   32   374
3   33   375
3   34   376
3   35   377
3   36   378
3   37   379
3   38   380
3   39   381
3   40   382
3   41   383
3   42   384
3   43   385
3   44   386
3   45   387
3   46   388
3   47   389
3   48   390
3   49   391
3   50   392
3   51   393
3   52   394
3   53   395
3   54   396
3   55   397
3   56   398
3   57   399
3   58   400
3   59   401
3   60   402
3   61   403
3   62   404
3   63   405
3   64   406
3   65   407
3   66   408
3   67   409
3   68   410
3   69   411
3   70   412
3   71   413
3   72   414
3   73   415
3   74   416
3   75   417
3   76   418
3   77   419
3   78   420
3   79   421
3   80   422
3   81   423
3   82   424
3   83   425
3   84   426
3   85   427
3   86   428
3   87   429
3   88   430
3   89   431
3   90   432
3   91   433
3   92   434
3   93   435
3   94   436
3   95   437
3   96   438
3   97   439
3   98   440
3   99   441
3   100   442
3   101   443
3   102   444
3   103   445
3   104   446
3   105   447
3   106   448
3   107   449
3   108   450
3   109   451
3   110   452
3   111   453
3   112   454
3   113   455
4   0   456
4   1   457
4   2   458
4   3   459
4   4   460
4   5   461
4   6   462
4   7   463
4   8   464
4   9   465
4   10   466
4   11   467
4   12   468
4   13   469
4   14   470
4   15   471
4   16   472
4   17   473
4   18   474
4   19   475
4   20   476
4   21   477
4   22   478
4   23   479
4   24   480
4   25   481
4   26   482
4   27   483
4   28   484
4   29   485
4   30   486
4   31   487
4   32   488
4   33   489
4   34   490
4   35   491
4   36   492
4   37   493
4   38   494
4   39   495
4   40   496
4   41   497
4   42   498
4   43   499
4   44   500
4   45   501
4   46   502
4   47   503
4   48   504
4   49   505
4   50   506
4   51   507
4   52   508
4   53   509
4   54   510
4   55   511
4   56   512
4   57   513
4   58   514
4   59   515
4   60   516
4   61   517
4   62   518
4   63   519
4   64   520
4   65   521
4   66   522
4   67   523
4   68   524
4   69   525
4   70   526
4   71   527
4   72   528
4   73   529
4   74   530
4   75   531
4   76   532
4   77   533
4   78   534
4   79   535
4   80   536
4   81   537
4   82   538
4   83   539
4   84   540
4   85   541
4   86   542
4   87   543
4   88   544
4   89   545
4   90   546
4   91   547
4   92   548
4   93   549
4   94   550
4   95   551
4   96   552
4   97   553
4   98   554
4   99   555
4   100   556
4   101   557
4   102   558
4   103   559
4   104   560
4   105   561
4   106   562
4   107   563
4   108   564
4   109   565
4   110   566
4   111   567
4   112   568
4   113   569
5   0   570
5   1   571
5   2   572
5   3   573
5   4   574
5   5   575
5   6   576
5   7   577
5   8   578
5   9   579
5   10   580
5   11   581
5   12   582
5   13   583
5   14   584
5   15   585
5   16   586
5   17   587
5   18   588
5   19   589
5   20   590
5   21   591
5   22   592
5   23   593
5   24   594
5   25   595
5   26   596
5   27   597
5   28   598
5   29   599
5   30   600
5   31   601
5   32   602
5   33   603
5   34   604
5   35   605
5   36   606
5   37   607
5   38   608
5   39   609
5   40   610
5   41   611
5   42   612
5   43   613
5   44   614
5   45   615
5   46   616
5   47   617
5   48   618
5   49   619
5   50   620
5   51   621
5   52   622
5   53   623
5   54   624
5   55   625
5   56   626
5   57   627
5   58   628
5   59   629
5   60   630
5   61   631
5   62   632
5   63   633
5   64   634
5   65   635
5   66   636
5   67   637
5   68   638
5   69   639
5   70   640
5   71   641
5   72   642
5   73   643
5   74   644
5   75   645
5   76   646
5   77   647
5   78   648
5   79   649
5   80   650
5   81   651
5   82   652
5   83   653
5   84   654
5   85   655
5   86   656
5   87   657
5   88   658
5   89   659
5   90   660
5   91   661
5   92   662
5   93   663
5   94   664
5   95   665
5   96   666
5   97   667
5   98   668
5   99   669
5   100   670
5   101   671
5   102   672
5   103   673
5   104   674
5   105   675
5   106   676
5   107   677
5   108   678
5   109   679
5   110   680
5   111   681
5   112   682
5   113   683
6   0   684
6   1   685
6   2   686
6   3   687
6   4   688
6   5   689
6   6   690
6   7   691
6   8   692
6   9   693
6   10   694
6   11   695
6   12   696
6   13   697
6   14   698
6   15   699
6   16   700
6   17   701
6   18   702
6   19   703
6   20   704
6   21   705
6   22   706
6   23   707
6   24   708
6   25   709
6   26   710
6   27   711
6   28   712
6   29   713
6   30   714
6   31   715
6   32   716
6   33   717
6   34   718
6   35   719
6   36   720
6   37   721
6   38   722
6   39   723
6   40   724
6   41   725
6   42   726
6   43   727
6   44   728
6   45   729
6   46   730
6   47   731
6   48   732
6   49   733
6   50   734
6   51   735
6   52   736
6   53   737
6   54   738
6   55   739
6   56   740
6   57   741
6   58   742
6   59   743
6   60   744
6   61   745
6   62   746
6   63   747
6   64   748
6   65   749
6   66   750
6   67   751
6   68   752
6   69   753
6   70   754
6   71   755
6   72   756
6   73   757
6   74   758
6   75   759
6   76   760
6   77   761
6   78   762
6   79   763
6   80   764
6   81   765
6   82   766
6   83   767
6   84   768
6   85   769
6   86   770
6   87   771
6   88   772
6   89   773
6   90   774
6   91   775
6   92   776
6   93   777
6   94   778
6   95   779
6   96   780
6   97   781
6   98   782
6   99   783
6   100   784
6   101   785
6   102   786
6   103   787
6   104   788
6   105   789
6   106   790
6   107   791
6   108   792
6   109   793
6   110   794
6   111   795
6   112   796
6   113   797
7   0   798
7   1   799
7   2   800
7   3   801
7   4   802
7   5   803
7   6   804
7   7   805
7   8   806
7   9   807
7   10   808
7   11   809
7   12   810
7   13   811
7   14   812
7   15   813
7   16   814
7   17   815
7   18   816
7   19   817
7   20   818
7   21   819
7   22   820
7   23   821
7   24   822
7   25   823
7   26   824
7   27   825
7   28   826
7   29   827
7   30   828
7   31   829
7   32   830
7   33   831
7   34   832
7   35   833
7   36   834
7   37   835
7   38   836
7   39   837
7   40   838
7   41   839
7   42   840
7   43   841
7   44   842
7   45   843
7   46   844
7   47   845
7   48   846
7   49   847
7   50   848
7   51   849
7   52   850
7   53   851
7   54   852
7   55   853
7   56   854
7   57   855
7   58   856
7   59   857
7   60   858
7   61   859
7   62   860
7   63   861
7   64   862
7   65   863
7   66   864
7   67   865
7   68   866
7   69   867
7   70   868
7   71   869
7   72   870
7   73   871
7   74   872
7   75   873
7   76   874
7   77   875
7   78   876
7   79   877
7   80   878
7   81   879
7   82   880
7   83   881
7   84   882
7   85   883
7   86   884
7   87   885
7   88   886
7   89   887
7   90   888
7   91   889
7   92   890
7   93   891
7   94   892
7   95   893
7   96   894
7   97   895
7   98   896
7   99   897
7   100   898
7   101   899
7   102   900
7   103   901
7   104   902
7   105   903
7   106   904
7   107   905
7   108   906
7   109   907
7   110   908
7   111   909
7   112   910
7   113   911
8   0   912
8   1   913
8   2   914
8   3   915
8   4   916
8   5   917
8   6   918
8   7   919
8   8   920
8   9   921
8   10   922
8   11   923
8   12   924
8   13   925
8   14   926
8   15   927
8   16   928
8   17   929
8   18   930
8   19   931
8   20   932
8   21   933
8   22   934
8   23   935
8   24   936
8   25   937
8   26   938
8   27   939
8   28   940
8   29   941
8   30   942
8   31   943
8   32   944
8   33   945
8   34   946
8   35   947
8   36   948
8   37   949
8   38   950
8   39   951
8   40   952
8   41   953
8   42   954
8   43   955
8   44   956
8   45   957
8   46   958
8   47   959
8   48   960
8   49   961
8   50   962
8   51   963
8   52   964
8   53   965
8   54   966
8   55   967
8   56   968
8   57   969
8   58   970
8   59   971
8   60   972
8   61   973
8   62   974
8   63   975
8   64   976
8   65   977
8   66   978
8   67   979
8   68   980
8   69   981
8   70   982
8   71   983
8   72   984
8   73   985
8   74   986
8   75   987
8   76   988
8   77   989
8   78   990
8   79   991
8   80   992
8   81   993
8   82   994
8   83   995
8   84   996
8   85   997
8   86   998
8   87   999
8   88   1000
8   89   1001
8   90   1002
8   91   1003
8   92   1004
8   93   1005
8   94   1006
8   95   1007
8   96   1008
8   97   1009
8   98   1010
8   99   1011
8   100   1012
8   101   1013
8   102   1014
8   103   1015
8   104   1016
8   105   1017
8   106   1018
8   107   1019
8   108   1020
8   109   1021
8   110   1022
8   111   1023
8   112   1024
8   113   1025
9   0   1026
9   1   1027
9   2   1028
9   3   1029
9   4   1030
9   5   1031
9   6   1032
9   7   1033
9   8   1034
9   9   1035
9   10   1036
9   11   1037
9   12   1038
9   13   1039
9   14   1040
9   15   1041
9   16   1042
9   17   1043
9   18   1044
9   19   1045
9   20   1046
9   21   1047
9   22   1048
9   23   1049
9   24   1050
9   25   1051
9   26   1052
9   27   1053
9   28   1054
9   29   1055
9   30   1056
9   31   1057
9   32   1058
9   33   1059
9   34   1060
9   35   1061
9   36   1062
9   37   1063
9   38   1064
9   39   1065
9   40   1066
9   41   1067
9   42   1068
9   43   1069
9   44   1070
9   45   1071
9   46   1072
9   47   1073
9   48   1074
9   49   1075
9   50   1076
9   51   1077
9   52   1078
9   53   1079
9   54   1080
9   55   1081
9   56   1082
9   57   1083
9   58   1084
9   59   1085
9   60   1086
9   61   1087
9   62   1088
9   63   1089
9   64   1090
9   65   1091
9   66   1092
9   67   1093
9   68   1094
9   69   1095
9   70   1096
9   71   1097
9   72   1098
9   73   1099
9   74   1100
9   75   1101
9   76   1102
9   77   1103
9   78   1104
9   79   1105
9   80   1106
9   81   1107
9   82   1108
9   83   1109
9   84   1110
9   85   1111
9   86   1112
9   87   1113
9   88   1114
9   89   1115
9   90   1116
9   91   1117
9   92   1118
9   93   1119
9   94   1120
9   95   1121
9   96   1122
9   97   1123
9   98   1124
9   99   1125
9   100   1126
9   101   1127
9   102   1128
9   103   1129
9   104   1130
9   105   1131
9   106   1132
9   107   1133
9   108   1134
9   109   1135
9   110   1136
9   111   1137
9   112   1138
9   113   1139
10   0   1140
10   1   1141
10   2   1142
10   3   1143
10   4   1144
10   5   1145
10   6   1146
10   7   1147
10   8   1148
10   9   1149
10   10   1150
10   11   1151
10   12   1152
10   13   1153
10   14   1154
10   15   1155
10   16   1156
10   17   1157
10   18   1158
10   19   1159
10   20   1160
10   21   1161
10   22   1162
10   23   1163
10   24   1164
10   25   1165
10   26   1166
10   27   1167
10   28   1168
10   29   1169
10   30   1170
10   31   1171
10   32   1172
10   33   1173
10   34   1174
10   35   1175
10   36   1176
10   37   1177
10   38   1178
10   39   1179
10   40   1180
10   41   1181
10   42   1182
10   43   1183
10   44   1184
10   45   1185
10   46   1186
10   47   1187
10   48   1188
10   49   1189
10   50   1190
10   51   1191
10   52   1192
10   53   1193
10   54   1194
10   55   1195
10   56   1196
10   57   1197
10   58   1198
10   59   1199
10   60   1200
10   61   1201
10   62   1202
10   63   1203
10   64   1204
10   65   1205
10   66   1206
10   67   1207
10   68   1208
10   69   1209
10   70   1210
10   71   1211
10   72   1212
10   73   1213
10   74   1214
10   75   1215
10   76   1216
10   77   1217
10   78   1218
10   79   1219
10   80   1220
10   81   1221
10   82   1222
10   83   1223
10   84   1224
10   85   1225
10   86   1226
10   87   1227
10   88   1228
10   89   1229
10   90   1230
10   91   1231
10   92   1232
10   93   1233
10   94   1234
10   95   1235
10   96   1236
10   97   1237
10   98   1238
10   99   1239
10   100   1240
10   101   1241
10   102   1242
10   103   1243
10   104   1244
10   105   1245
10   106   1246
10   107   1247
10   108   1248
10   109   1249
10   110   1250
10   111   1251
10   112   1252
10   113   1253
11   0   1254
11   1   1255
11   2   1256
11   3   1257
11   4   1258
11   5   1259
11   6   1260
11   7   1261
11   8   1262
11   9   1263
11   10   1264
11   11   1265
11   12   1266
11   13   1267
11   14   1268
11   15   1269
11   16   1270
11   17   1271
11   18   1272
11   19   1273
11   20   1274
11   21   1275
11   22   1276
11   23   1277
11   24   1278
11   25   1279
11   26   1280
11   27   1281
11   28   1282
11   29   1283
11   30   1284
11   31   1285
11   32   1286
11   33   1287
11   34   1288
11   35   1289
11   36   1290
11   37   1291
11   38   1292
11   39   1293
11   40   1294
11   41   1295
11   42   1296
11   43   1297
11   44   1298
11   45   1299
11   46   1300
11   47   1301
11   48   1302
11   49   1303
11   50   1304
11   51   1305
11   52   1306
11   53   1307
11   54   1308
11   55   1309
11   56   1310
11   57   1311
11   58   1312
11   59   1313
11   60   1314
11   61   1315
11   62   1316
11   63   1317
11   64   1318
11   65   1319
11   66   1320
11   67   1321
11   68   1322
11   69   1323
11   70   1324
11   71   1325
11   72   1326
11   73   1327
11   74   1328
11   75   1329
11   76   1330
11   77   1331
11   78   1332
11   79   1333
11   80   1334
11   81   1335
11   82   1336
11   83   1337
11   84   1338
11   85   1339
11   86   1340
11   87   1341
11   88   1342
11   89   1343
11   90   1344
11   91   1345
11   92   1346
11   93   1347
11   94   1348
11   95   1349
11   96   1350
11   97   1351
11   98   1352
11   99   1353
11   100   1354
11   101   1355
11   102   1356
11   103   1357
11   104   1358
11   105   1359
11   106   1360
11   107   1361
11   108   1362
11   109   1363
11   110   1364
11   111   1365
11   112   1366
11   113   1367
12   0   1368
12   1   1369
12   2   1370
12   3   1371
12   4   1372
12   5   1373
12   6   1374
12   7   1375
12   8   1376
12   9   1377
12   10   1378
12   11   1379
12   12   1380
12   13   1381
12   14   1382
12   15   1383
12   16   1384
12   17   1385
12   18   1386
12   19   1387
12   20   1388
12   21   1389
12   22   1390
12   23   1391
12   24   1392
12   25   1393
12   26   1394
12   27   1395
12   28   1396
12   29   1397
12   30   1398
12   31   1399
12   32   1400
12   33   1401
12   34   1402
12   35   1403
12   36   1404
12   37   1405
12   38   1406
12   39   1407
12   40   1408
12   41   1409
12   42   1410
12   43   1411
12   44   1412
12   45   1413
12   46   1414
12   47   1415
12   48   1416
12   49   1417
12   50   1418
12   51   1419
12   52   1420
12   53   1421
12   54   1422
12   55   1423
12   56   1424
12   57   1425
12   58   1426
12   59   1427
12   60   1428
12   61   1429
12   62   1430
12   63   1431
12   64   1432
12   65   1433
12   66   1434
12   67   1435
12   68   1436
12   69   1437
12   70   1438
12   71   1439
12   72   1440
12   73   1441
12   74   1442
12   75   1443
12   76   1444
12   77   1445
12   78   1446
12   79   1447
12   80   1448
12   81   1449
12   82   1450
12   83   1451
12   84   1452
12   85   1453
12   86   1454
12   87   1455
12   88   1456
12   89   1457
12   90   1458
12   91   1459
12   92   1460
12   93   1461
12   94   1462
12   95   1463
12   96   1464
12   97   1465
12   98   1466
12   99   1467
12   100   1468
12   101   1469
12   102   1470
12   103   1471
12   104   1472
12   105   1473
12   106   1474
12   107   1475
12   108   1476
12   109   1477
12   110   1478
12   111   1479
12   112   1480
12   113   1481
13   0   1482
13   1   1482
13   2   1482
13   3   1482
13   4   1482
13   5   1482
13   6   1482
13   7   1482
13   8   1482
13   9   1482
13   10   1482
13   11   1482
13   12   1482
13   13   1482
13   14   1482
13   15   1482
13   16   1482
13   17   1482
13   18   1482
13   19   1482
13   20   1482
13   21   1482
13   22   1482
13   23   1482
13   24   1482
13   25   1482
13   26   1482
13   27   1482
13   28   1482
13   29   1482
13   30   1482
13   31   1482
13   32   1482
13   33   1482
13   34   1482
13   35   1482
13   36   1482
13   37   1482
13   38   1482
13   39   1482
13   40   1482
13   41   1482
13   42   1482
13   43   1482
13   44   1482
13   45   1482
13   46   1482
13   47   1482
13   48   1482
13   49   1482
13   50   1482
13   51   1482
13   52   1482
13   53   1482
13   54   1482
13   55   1482
13   56   1482
13   57   1482
13   58   1482
13   59   1482
13   60   1482
13   61   1482
13   62   1482
13   63   1482
13   64   1482
13   65   1482
13   66   1482
13   67   1482
13   68   1482
13   69   1482
13   70   1482
13   71   1482
13   72   1482
13   73   1482
13   74   1482
13   75   1482
13   76   1482
13   77   1482
13   78   1482
13   79   1482
13   80   1482
13   81   1482
13   82   1482
13   83   1482
13   84   1482
13   85   1482
13   86   1482
13   87   1482
13   88   1482
13   89   1482
13   90   1482
13   91   1482
13   92   1482
13   93   1482
13   94   1482
13   95   1482
13   96   1482
13   97   1482
13   98   1482
13   99   1482
13   100   1482
13   101   1482
13   102   1482
13   103   1482
13   104   1482
13   105   1482
13   106   1482
13   107   1482
13   108   1482
13   109   1482
13   110   1482
13   111   1482
13   112   1482
13   113   1482
