51.5506   35.7239   1.655e+007   6.4876e+006   2.42689e+008   0   860600   0   993000   0   0   
51.4513   35.7705   1.16181e+009   2.91942e+008   2.83998e+009   7.65934e+007   7.0225e+008   6.3552e+006   1.17174e+008   1.83705e+007   331000   
51.4554   35.7849   1.69009e+009   2.78967e+008   2.85203e+009   4.04482e+007   6.66104e+008   2.3832e+006   1.30083e+008   2.03565e+007   993000   
51.4236   35.639   4.20569e+009   1.06582e+008   1.62653e+009   2.5818e+006   6.19632e+007   794400   2.57849e+008   5.2629e+007   993000   
51.4233   35.6528   1.44184e+009   2.7804e+007   2.42689e+008   860600   1.7212e+006   0   7.3151e+007   2.8797e+007   8.937e+006   
51.4142   35.6049   1.46302e+009   1.12143e+008   9.88829e+008   6.8848e+006   4.303e+006   0   6.1897e+007   8.937e+006   0   
51.4452   35.5998   2.21108e+009   3.79061e+008   2.42603e+009   8.34782e+007   6.97086e+007   0   8.3081e+007   5.80905e+007   1.655e+006   
51.4405   35.5835   2.40836e+009   3.87402e+008   2.85805e+009   3.52846e+007   9.38054e+007   0   2.20115e+008   1.2909e+008   331000   
51.449   35.6178   1.7596e+009   4.12426e+008   2.63171e+009   2.75392e+007   8.52855e+008   0   3.04189e+008   4.41885e+007   1.986e+006   
51.482   35.6225   3.79194e+009   1.05192e+009   2.50607e+009   2.06544e+007   1.64375e+008   0   1.65831e+008   1.4895e+006   0   
51.4976   35.6344   3.26498e+009   4.55986e+008   2.98198e+009   2.23756e+007   4.69888e+008   1.50936e+007   1.65831e+008   0   331000   
51.4919   35.6494   4.44334e+009   1.21411e+009   5.47256e+009   3.4424e+006   4.13088e+007   0   1.49943e+008   3.972e+006   662000   
51.4515   35.6351   1.35048e+008   1.64044e+008   5.54226e+008   3.4424e+006   4.29439e+008   0   8.16908e+008   2.4825e+006   2.9459e+007   
51.4733   35.649   4.16398e+009   5.72762e+008   4.95017e+009   1.37696e+007   3.80385e+008   0   2.83667e+008   2.23425e+007   993000   
51.4466   35.6539   9.5659e+009   3.16039e+008   3.27889e+009   1.7212e+006   1.44581e+008   0   5.9911e+008   3.69396e+008   1.324e+006   
51.4554   35.6672   2.87639e+009   2.85454e+008   2.06888e+009   3.4424e+006   2.32362e+007   0   1.43985e+008   1.63348e+008   1.324e+006   
51.4766   35.6632   1.54643e+009   3.2716e+008   1.13943e+009   3.95876e+007   2.41829e+008   0   4.7995e+007   2.979e+006   0   
51.4549   35.6808   4.04614e+009   8.88801e+008   3.92261e+009   8.606e+006   9.72478e+007   0   6.1566e+008   2.4974e+008   3.31e+007   
51.4716   35.6802   7.50973e+009   7.97975e+008   3.69111e+009   1.2909e+007   3.95876e+007   0   3.19084e+008   4.02165e+007   2.317e+006   
51.4864   35.6805   3.50794e+009   5.84811e+008   3.55686e+009   5.1636e+006   3.27028e+007   0   1.18167e+008   1.4895e+006   0   
51.4198   35.6637   1.40476e+009   8.15584e+007   9.16539e+008   860600   2.83998e+007   0   5.49791e+008   7.05526e+008   1.8205e+007   
51.4202   35.6728   1.22338e+009   1.46434e+008   1.03874e+009   7.7454e+006   3.61452e+007   0   5.77264e+008   3.76844e+008   1.8867e+007   
51.4407   35.6706   1.4233e+009   4.68961e+008   2.75564e+009   6.8848e+006   8.43388e+007   0   3.85284e+008   4.63234e+008   2.4494e+007   
51.4247   35.6811   1.00161e+009   4.26328e+007   3.77803e+008   2.5818e+006   6.79874e+007   0   4.08454e+008   1.59376e+008   3.641e+006   
51.441   35.6921   1.93503e+009   3.39209e+008   1.77886e+009   1.63514e+007   1.18763e+008   0   2.57849e+008   6.10695e+007   1.324e+006   
51.4232   35.694   1.33393e+009   1.02875e+008   1.43806e+009   5.1636e+006   1.31672e+008   3.1776e+006   1.80726e+008   6.2559e+007   2.648e+006   
51.3984   35.6537   2.50501e+009   1.02875e+008   1.17988e+009   3.4424e+006   1.63514e+007   0   3.95545e+008   3.7734e+008   1.2909e+007   
51.4028   35.6422   2.59305e+009   1.87214e+008   1.1446e+009   0   1.39417e+008   0   9.0032e+007   7.19925e+007   0   
51.4204   35.6261   1.97806e+009   1.73312e+008   1.29262e+009   860600   6.8848e+006   0   7.613e+007   6.4545e+006   0   
51.4051   35.6259   2.51825e+009   1.40874e+008   1.31155e+009   3.4424e+006   1.26508e+008   0   1.41006e+008   6.4545e+006   331000   
51.4296   35.6076   4.2037e+009   5.20862e+008   3.11623e+009   6.4545e+007   4.26858e+008   0   1.76423e+008   4.91535e+007   3.641e+006   
51.3485   35.6288   1.57755e+009   3.13258e+008   1.64891e+009   0   860600   0   5.9911e+007   7.944e+006   0   
51.3687   35.6337   4.27056e+009   5.41251e+008   2.80642e+009   5.1636e+006   4.21694e+007   0   1.49943e+008   1.0923e+007   331000   
51.3866   35.6357   3.70124e+009   4.30035e+008   1.9811e+009   6.0242e+006   1.97077e+008   0   6.6862e+007   1.4895e+006   331000   
51.4012   35.678   3.00018e+009   2.82674e+008   2.03446e+009   1.80726e+007   1.36835e+008   794400   4.32286e+008   2.0704e+008   9.93e+006   
51.4021   35.6944   1.3763e+009   9.82408e+007   1.88127e+009   4.303e+006   9.98296e+007   3.1776e+006   1.41668e+008   1.14195e+007   331000   
51.3861   35.687   3.56156e+009   3.62379e+008   2.22379e+009   9.4666e+006   8.77812e+007   0   3.89256e+008   1.86684e+008   1.986e+006   
51.3925   35.6654   2.46396e+009   2.35407e+008   1.67042e+009   8.606e+006   5.42178e+007   0   7.65272e+008   4.1855e+008   5.296e+006   
51.3605   35.6493   4.79354e+009   3.39209e+008   3.27458e+009   9.4666e+006   2.92604e+007   794400   1.9529e+008   1.04265e+007   331000   
51.3364   35.659   4.25203e+009   4.55059e+008   2.66872e+009   5.1636e+006   3.35634e+007   0   1.72451e+008   2.4825e+006   0   
51.3411   35.6401   3.94155e+009   3.07698e+008   1.54908e+009   1.54908e+007   7.3151e+007   0   1.14526e+008   1.04265e+007   0   
51.3027   35.6651   3.13391e+009   3.74427e+008   1.99573e+009   1.63514e+007   3.09816e+007   0   1.04265e+008   1.986e+006   331000   
51.5781   35.7336   1.01948e+009   8.90655e+008   1.72981e+009   7.7454e+007   4.80215e+008   0   8.3743e+007   496500   0   
51.5066   35.7402   2.03234e+009   5.07886e+008   3.62054e+009   1.46302e+007   3.53707e+008   0   1.40344e+008   993000   0   
51.532   35.7418   1.74172e+009   6.7471e+008   4.40025e+009   6.62662e+007   5.38736e+008   0   1.66824e+008   496500   331000   
51.5536   35.7393   4.92263e+009   8.21145e+008   3.24963e+009   4.81936e+007   1.23926e+008   0   2.36665e+008   496500   662000   
51.4873   35.6986   4.25865e+009   4.06865e+008   1.67817e+009   1.46302e+007   5.1636e+007   0   1.32069e+008   993000   0   
51.4654   35.7   4.0435e+009   3.41062e+008   2.43464e+009   6.0242e+006   6.79874e+007   1.5888e+006   3.2769e+008   2.92935e+007   2.648e+006   
51.498   35.7116   3.25704e+009   4.75448e+008   2.51553e+009   1.03272e+007   1.27369e+008   0   1.07575e+008   1.986e+006   0   
51.5102   35.7267   4.25732e+009   6.81198e+008   4.88304e+009   4.99148e+007   4.303e+008   0   1.02279e+008   3.4755e+006   331000   
51.4849   35.7255   4.20569e+009   5.71836e+008   3.57063e+009   2.40968e+007   1.7212e+008   0   1.86022e+008   496500   3.31e+006   
51.4708   35.7258   1.01584e+010   7.07148e+008   5.78667e+009   4.7333e+007   4.34603e+008   0   5.77264e+008   1.24125e+007   662000   
51.4539   35.7301   3.29014e+009   4.02231e+008   4.09301e+009   7.48722e+007   3.0121e+008   1.5888e+006   2.32031e+008   9.93e+006   993000   
51.461   35.7491   1.5888e+009   1.96482e+008   2.86752e+009   2.75392e+007   3.64894e+008   0   9.4997e+007   1.4895e+006   0   
51.4807   35.7463   1.75231e+009   3.53111e+008   3.38818e+009   3.4424e+007   5.27548e+008   794400   1.23463e+008   7.944e+006   993000   
51.5553   35.7576   1.64706e+009   5.86664e+008   1.89418e+009   4.47512e+007   3.33052e+008   4.7664e+006   1.32069e+008   993000   662000   
51.5111   35.7636   3.49668e+009   3.95744e+008   4.32193e+009   3.4424e+007   1.40278e+008   3.49536e+007   2.05551e+008   4.965e+006   8.937e+006   
51.4784   35.7713   1.93172e+009   3.98524e+008   3.72382e+009   9.38054e+007   1.36319e+009   1.5888e+007   2.44609e+008   7.4475e+006   662000   
51.5142   35.7942   2.36334e+008   1.6497e+008   9.44078e+008   1.23926e+008   6.87619e+008   3.25704e+007   7.2158e+007   1.43985e+007   1.324e+006   
51.5029   35.8097   3.7072e+008   1.06582e+008   1.22291e+009   1.89332e+007   1.87611e+008   0   5.2629e+007   1.6881e+007   662000   
51.4832   35.8089   5.28276e+008   1.77946e+008   1.27455e+009   3.18422e+007   7.07413e+008   3.1776e+006   1.36703e+008   1.2909e+007   331000   
51.4681   35.7999   2.79364e+008   1.19557e+008   1.09468e+009   5.50784e+007   3.97597e+008   794400   5.4284e+007   1.14195e+007   0   
51.4608   35.814   8.7053e+008   1.03802e+008   1.1773e+009   5.24966e+007   4.8796e+008   3.972e+006   1.16181e+008   3.1776e+007   331000   
51.4335   35.8149   1.32797e+009   2.1131e+008   1.70141e+009   5.85208e+007   5.52505e+008   3.972e+006   1.61197e+008   3.6741e+007   1.324e+006   
51.4476   35.7999   1.56695e+009   2.14091e+008   2.18506e+009   6.4545e+007   7.11716e+008   3.972e+006   1.84367e+008   2.7804e+007   662000   
51.4319   35.7926   8.67882e+008   2.51163e+008   2.95788e+009   5.42178e+007   1.02584e+009   7.944e+006   1.31738e+008   2.33355e+007   662000   
51.4216   35.7777   1.05788e+009   1.90921e+008   3.75394e+009   4.81936e+007   8.12406e+008   1.42992e+007   1.09561e+008   2.4825e+007   0   
51.4038   35.8035   1.08237e+009   1.6497e+008   1.94151e+009   1.16181e+008   1.41655e+009   2.3832e+006   1.324e+008   2.3832e+007   2.979e+006   
51.4577   35.7099   4.56449e+009   3.0399e+008   2.68507e+009   5.1636e+006   9.8969e+007   0   4.47181e+008   2.03565e+007   662000   
51.4431   35.7114   2.55731e+009   3.18819e+008   2.74617e+009   6.8848e+006   1.59211e+008   1.5888e+006   2.1846e+008   4.41885e+007   1.655e+006   
51.4325   35.7151   1.90391e+009   1.94628e+008   2.20314e+009   3.70058e+007   4.08785e+008   794400   8.275e+007   6.951e+006   0   
51.4342   35.7332   1.52922e+009   1.26045e+008   3.12484e+009   5.1636e+007   4.88821e+008   3.972e+006   7.1827e+007   2.979e+006   662000   
51.434   35.7536   8.62586e+008   2.01116e+008   2.93637e+009   8.43388e+007   6.97086e+008   1.27104e+007   9.3673e+007   2.4825e+006   0   
51.4172   35.7206   1.52061e+009   5.37544e+007   1.2384e+009   6.8848e+006   1.56629e+008   7.1496e+006   4.7002e+007   993000   0   
51.4153   35.7078   8.38754e+008   3.89256e+007   7.00528e+008   1.7212e+007   1.18763e+008   1.5888e+007   6.3552e+007   6.4545e+006   1.7874e+007   
51.397   35.7709   7.07678e+008   1.61263e+008   1.54392e+009   3.78664e+007   5.13778e+008   1.11216e+007   7.4806e+007   2.6811e+007   662000   
51.4121   35.7623   1.6881e+008   6.951e+007   1.49228e+009   2.06544e+007   4.56118e+008   7.944e+006   3.1776e+007   0   662000   
51.4135   35.7395   4.17722e+008   8.71192e+007   2.4639e+009   2.75392e+007   5.31851e+008   1.42992e+007   4.7002e+007   5.958e+006   0   
51.3967   35.7398   5.73954e+008   2.66918e+008   2.33911e+009   1.22205e+008   8.01219e+008   4.7664e+006   1.00624e+008   4.4685e+006   0   
51.3907   35.724   1.5365e+009   2.00189e+008   3.81762e+009   7.7454e+007   6.89341e+008   2.3832e+006   1.00955e+008   4.4685e+006   0   
51.3933   35.7088   2.0052e+009   1.1863e+008   2.17388e+009   6.8848e+006   1.8589e+008   1.03272e+007   8.7715e+007   1.4895e+006   0   
51.3497   35.7904   4.3692e+008   2.3448e+008   2.53016e+008   1.53187e+008   1.65235e+008   794400   7.613e+007   4.965e+006   662000   
51.352   35.7738   3.05182e+008   7.91487e+008   2.11535e+009   2.06544e+008   1.41655e+009   0   8.5067e+007   1.986e+006   0   
51.3764   35.7878   8.98996e+008   6.52467e+008   2.40538e+009   4.69888e+008   2.42775e+009   1.27104e+007   2.29052e+008   2.0853e+007   662000   
51.3674   35.7595   3.05844e+008   4.22621e+008   2.02929e+009   2.03102e+008   3.01382e+009   2.62152e+007   1.11878e+008   1.4895e+006   662000   
51.3769   35.7327   1.22602e+009   9.08264e+007   3.59214e+009   2.5818e+007   5.92953e+008   1.5888e+006   1.4895e+008   496500   331000   
51.3402   35.7411   7.37468e+008   8.21145e+008   3.87528e+009   3.16701e+008   2.0336e+009   794400   1.70465e+008   1.986e+006   993000   
51.36   35.734   1.14195e+009   4.22621e+008   3.24016e+009   1.91914e+008   2.66958e+009   1.35048e+007   1.32731e+008   0   331000   
51.3657   35.707   1.79865e+009   2.91942e+008   3.6653e+009   5.07754e+007   2.48713e+008   0   8.7715e+007   3.972e+006   0   
51.3491   35.7101   7.91752e+008   3.88329e+008   3.49318e+009   7.83146e+007   4.03621e+008   0   1.08237e+008   4.965e+006   662000   
51.3699   35.6744   5.88452e+009   4.75448e+008   1.80038e+009   8.606e+006   4.21694e+007   0   3.38613e+008   1.05754e+008   993000   
51.365   35.6833   7.89435e+009   5.26422e+008   2.64118e+009   860600   4.04482e+007   0   3.20739e+008   5.5608e+007   993000   
51.3669   35.6951   5.20862e+009   3.46623e+008   1.29176e+009   1.89332e+007   7.65934e+007   0   3.13788e+008   2.03565e+007   0   
51.331   35.6945   4.42415e+009   1.01021e+008   2.02757e+009   6.0242e+006   8.34782e+007   0   1.13864e+008   0   331000   
51.3198   35.6821   5.17485e+009   2.14091e+008   1.76509e+009   3.78664e+007   3.51985e+008   0   1.55239e+008   3.0783e+007   0   
51.3129   35.7075   4.1706e+007   9.36068e+007   5.37875e+008   9.8969e+007   3.68337e+008   3.1776e+008   1.3902e+007   0   0   
51.3232   35.7257   4.67372e+008   7.04368e+008   4.19542e+009   1.01551e+008   1.068e+009   0   6.0904e+007   496500   662000   
51.327   35.7682   1.78409e+009   1.33459e+009   4.41316e+009   6.08444e+008   2.13257e+009   0   2.42623e+008   1.0923e+007   1.655e+006   
51.3072   35.7622   8.76488e+008   2.36705e+009   5.9063e+009   6.99668e+008   2.47164e+009   794400   1.77747e+008   4.965e+006   0   
51.281   35.782   1.0069e+009   4.01304e+008   1.24701e+009   9.81084e+007   5.72299e+008   0   1.00955e+008   3.972e+006   331000   
51.2758   35.7569   1.15056e+009   6.67296e+007   7.40977e+008   3.4424e+006   5.5939e+007   0   9.4997e+007   2.2839e+007   0   
51.2941   35.731   1.21014e+009   5.7647e+008   2.9837e+009   2.40107e+008   1.2582e+009   794400   9.3011e+007   0   0   
51.2669   35.6962   1.94165e+009   1.10938e+009   4.15326e+009   1.22205e+008   6.20493e+008   794400   2.46926e+008   496500   0   
51.2184   35.7058   4.13088e+008   8.52656e+007   4.23415e+008   5.1636e+006   2.2978e+008   0   2.6811e+007   0   331000   
51.1518   35.7273   7.75864e+008   7.22904e+007   6.76432e+008   4.64724e+007   5.10336e+008   0   5.7263e+007   2.1846e+007   0   
51.3126   35.6483   2.59504e+009   2.8082e+008   1.97594e+009   4.303e+006   3.4424e+007   0   1.02941e+008   7.944e+006   0   
51.2573   35.7295   1.93966e+008   1.09362e+008   6.12747e+008   6.0242e+006   4.04482e+007   0   1.3902e+007   0   0   
51.2144   35.7327   1.4233e+008   1.48288e+008   2.08265e+008   2.1515e+007   5.1636e+007   0   5.958e+006   0   0   
51.2449   35.7555   4.303e+007   6.32078e+008   1.75648e+009   3.70058e+008   5.47342e+008   0   2.317e+007   0   0   
51.1779   35.7438   9.9962e+007   4.634e+006   1.07575e+008   860600   1.35975e+008   794400   9.268e+006   496500   331000   
51.1981   35.7603   3.972e+006   8.43388e+007   8.34782e+007   1.97938e+007   4.13088e+007   0   2.979e+006   0   331000   
51.1423   35.753   6.62e+006   1.01948e+007   2.40968e+007   6.0242e+006   4.90542e+007   0   5.296e+006   0   0   
51.3545   35.6619   5.17883e+009   1.79799e+008   1.7539e+009   2.5818e+006   6.79874e+007   0   2.74399e+008   6.7524e+007   0   
51.3747   35.6614   5.51909e+009   1.11216e+008   8.322e+008   2.5818e+006   1.46302e+007   0   1.84367e+008   1.7874e+007   993000   
