0.000000 0.000000 0.000000 0.000000 0.000000
0.031700 0.032895 0.034582 0.000000 0.000000
0.034582 0.047697 0.034582 0.000000 0.000000
0.043228 0.092105 0.039474 0.000000 0.000000
0.051873 0.136513 0.065790 0.000000 0.000000
0.054755 0.151316 0.076316 0.000000 0.000000
0.063401 0.217105 0.107895 0.013158 0.000000
0.066282 0.236842 0.118421 0.018092 0.000000
0.072046 0.276316 0.148026 0.027960 0.000000
0.077810 0.320175 0.177632 0.037829 0.004386
0.080692 0.342105 0.192434 0.042763 0.007310
0.086455 0.381579 0.222039 0.052632 0.013158
0.089337 0.401316 0.236842 0.058271 0.016082
0.100865 0.467105 0.302632 0.080827 0.027778
0.106628 0.506579 0.332237 0.092105 0.033626
0.109510 0.526316 0.347039 0.101974 0.036550
0.112392 0.541118 0.361842 0.111842 0.039474
0.121037 0.585526 0.406250 0.141447 0.050439
0.123919 0.597368 0.421053 0.151316 0.054094
0.135447 0.644737 0.480263 0.177632 0.068713
0.138329 0.656579 0.492105 0.184211 0.072368
0.144092 0.680263 0.515789 0.197368 0.082237
0.149856 0.703947 0.539474 0.214912 0.092105
0.161383 0.746053 0.586842 0.250000 0.111842
0.161383 0.746053 0.586842 0.250000 0.111842
0.164265 0.756579 0.598684 0.261842 0.117481
0.175793 0.785287 0.640789 0.309211 0.140038
0.178674 0.792464 0.651316 0.317982 0.145677
0.181556 0.799641 0.658835 0.326754 0.151316
0.193084 0.828349 0.688910 0.361842 0.177632
0.195965 0.835526 0.696429 0.370614 0.184211
0.198847 0.840461 0.703947 0.379386 0.190789
0.201729 0.845395 0.711623 0.388158 0.197368
0.210375 0.860197 0.734649 0.414474 0.214638
0.216138 0.870066 0.750000 0.427632 0.226151
0.219020 0.875000 0.756579 0.434211 0.231908
0.224784 0.882310 0.769737 0.447368 0.243421
0.230548 0.889620 0.782895 0.460526 0.254699
0.236311 0.896930 0.796053 0.478070 0.265977
0.244957 0.907895 0.810855 0.504386 0.282895
0.247839 0.910819 0.815789 0.513158 0.290570
0.259366 0.922515 0.835526 0.539474 0.321272
0.262248 0.925439 0.839181 0.546053 0.328947
0.268012 0.931287 0.846491 0.559211 0.340461
0.270893 0.934211 0.850146 0.565789 0.346217
0.285303 0.945175 0.868421 0.598684 0.375000
0.288184 0.947368 0.871345 0.605263 0.380639
0.296830 0.953947 0.880117 0.622533 0.397556
0.305476 0.957895 0.888889 0.639803 0.414474
0.311239 0.960526 0.894737 0.651316 0.425987
0.325648 0.967105 0.909357 0.676901 0.454770
0.328530 0.967763 0.912281 0.682018 0.460526
0.337176 0.969737 0.921053 0.697368 0.477444
0.348703 0.972368 0.926316 0.717105 0.500000
0.354467 0.973684 0.928947 0.726974 0.511513
0.360231 0.976608 0.931579 0.736842 0.523026
0.365994 0.979532 0.934211 0.744152 0.534539
0.371758 0.982456 0.938596 0.751462 0.546053
0.380403 0.986842 0.945175 0.762427 0.558388
0.386167 0.988158 0.949561 0.769737 0.566612
0.391931 0.989474 0.953947 0.775585 0.574836
0.394813 0.990132 0.954605 0.778509 0.578947
0.409222 0.993421 0.957895 0.793129 0.600877
0.412104 0.993421 0.958553 0.796053 0.605263
0.420749 0.993421 0.960526 0.804825 0.618421
0.426513 0.993421 0.963450 0.810673 0.625000
0.426513 0.993421 0.963450 0.810673 0.625000
0.438040 0.993421 0.969298 0.822368 0.641447
0.446686 0.995888 0.973684 0.831140 0.653783
0.449568 0.996711 0.974342 0.834064 0.657895
0.463977 1.000000 0.977632 0.848684 0.676170
0.475504 1.000000 0.980263 0.857456 0.690789
0.484150 1.000000 0.980263 0.864035 0.699561
0.489914 1.000000 0.980263 0.868421 0.705409
0.501441 1.000000 0.980263 0.876316 0.717105
0.504323 1.000000 0.980263 0.878289 0.720029
0.518732 1.000000 0.983553 0.888158 0.734649
0.527378 1.000000 0.985526 0.892544 0.743421
0.533141 1.000000 0.986842 0.895468 0.748684
0.544669 1.000000 0.992915 0.901316 0.759211
0.556196 1.000000 0.998988 0.906579 0.769737
0.573487 1.000000 1.000000 0.914474 0.782895
0.576369 1.000000 1.000000 0.915936 0.785088
0.582133 1.000000 1.000000 0.918860 0.789474
0.599424 1.000000 1.000000 0.927632 0.802632
0.608069 1.000000 1.000000 0.931579 0.809211
0.628242 1.000000 1.000000 0.940789 0.823026
0.636888 1.000000 1.000000 0.942763 0.828947
0.654179 1.000000 1.000000 0.946711 0.842105
0.657061 1.000000 1.000000 0.947368 0.844298
0.662824 1.000000 1.000000 0.948830 0.848684
0.668588 1.000000 1.000000 0.950292 0.851316
0.682997 1.000000 1.000000 0.953947 0.857895
0.691643 1.000000 1.000000 0.955921 0.861842
0.711816 1.000000 1.000000 0.960526 0.872076
0.717579 1.000000 1.000000 0.961842 0.875000
0.740634 1.000000 1.000000 0.967105 0.885526
0.746398 1.000000 1.000000 0.968421 0.888158
0.749280 1.000000 1.000000 0.969079 0.889474
0.769452 1.000000 1.000000 0.973684 0.898684
0.775216 1.000000 1.000000 0.973684 0.901316
0.798271 1.000000 1.000000 0.973684 0.907164
0.801153 1.000000 1.000000 0.973684 0.907895
0.806916 1.000000 1.000000 0.973684 0.909211
0.824207 1.000000 1.000000 0.973684 0.913158
0.827089 1.000000 1.000000 0.973684 0.913816
0.829971 1.000000 1.000000 0.974342 0.914474
0.855908 1.000000 1.000000 0.980263 0.926316
0.858790 1.000000 1.000000 0.980994 0.927632
0.881844 1.000000 1.000000 0.986842 0.933480
0.884726 1.000000 1.000000 0.986842 0.934211
0.893372 1.000000 1.000000 0.986842 0.936184
0.910663 1.000000 1.000000 0.986842 0.940132
0.913545 1.000000 1.000000 0.987500 0.940789
0.922190 1.000000 1.000000 0.989474 0.942763
0.936599 1.000000 1.000000 0.992763 0.946053
0.939481 1.000000 1.000000 0.993421 0.946711
0.942363 1.000000 1.000000 1.000000 0.947368
0.968300 1.000000 1.000000 1.000000 0.953289
0.971182 1.000000 1.000000 1.000000 0.953947
0.997118 1.000000 1.000000 1.000000 0.953947
1.000000 1.000000 1.000000 1.000000 0.953947
