0.000000 0.000000 0.000000 0.000000 0.000000
0.046109 0.019737 0.000000 0.000000 0.000000
0.060519 0.058114 0.019737 0.000000 0.000000
0.063401 0.065790 0.025376 0.000000 0.000000
0.077810 0.125000 0.053571 0.005117 0.000000
0.080692 0.136842 0.059210 0.008041 0.000000
0.092219 0.184211 0.094298 0.019737 0.000000
0.097983 0.213816 0.111842 0.025585 0.000000
0.103746 0.243421 0.131579 0.031433 0.002193
0.115274 0.290789 0.171053 0.043129 0.010965
0.118156 0.302632 0.179825 0.046053 0.013158
0.132565 0.355263 0.223684 0.066612 0.024123
0.141210 0.399671 0.255263 0.078947 0.030702
0.144092 0.414474 0.265789 0.084704 0.032895
0.146974 0.426316 0.276316 0.090460 0.034868
0.158501 0.473684 0.315789 0.113487 0.042763
0.164265 0.497368 0.335526 0.125000 0.046711
0.172911 0.532895 0.367105 0.141917 0.052632
0.178674 0.550439 0.388158 0.153195 0.058479
0.184438 0.567982 0.405702 0.164474 0.064327
0.190202 0.585526 0.423246 0.177632 0.070175
0.195965 0.603070 0.440789 0.190789 0.076023
0.198847 0.611842 0.449561 0.197368 0.078947
0.204611 0.629386 0.467105 0.210526 0.087171
0.207493 0.638158 0.475877 0.216283 0.091283
0.213256 0.653509 0.493421 0.227796 0.099507
0.221902 0.676535 0.519737 0.245066 0.111842
0.224784 0.684211 0.528509 0.250822 0.115954
0.227666 0.690789 0.537281 0.256579 0.120066
0.230548 0.697368 0.546053 0.263158 0.124178
0.244957 0.730263 0.578947 0.296053 0.144737
0.247839 0.736020 0.585526 0.302632 0.149671
0.250720 0.741776 0.592105 0.309211 0.154605
0.268012 0.776316 0.644737 0.348684 0.184211
0.288184 0.815789 0.679276 0.388158 0.209795
0.288184 0.815789 0.679276 0.388158 0.209795
0.291066 0.819444 0.684211 0.393914 0.213450
0.293948 0.823099 0.690789 0.399671 0.217105
0.311239 0.845029 0.730263 0.434211 0.250940
0.314121 0.848684 0.733918 0.439850 0.256579
0.331412 0.866228 0.755848 0.473684 0.282895
0.337176 0.872076 0.763158 0.485197 0.291667
0.340058 0.875000 0.768092 0.490954 0.296053
0.348703 0.881579 0.782895 0.508224 0.308388
0.354467 0.885965 0.788743 0.519737 0.316612
0.363112 0.892544 0.797515 0.536654 0.328947
0.365994 0.894737 0.800439 0.542293 0.333882
0.374640 0.901316 0.809211 0.559211 0.348684
0.386167 0.910088 0.823830 0.573830 0.368421
0.391931 0.914474 0.831140 0.581140 0.376645
0.400576 0.920395 0.842105 0.592105 0.388980
0.409222 0.926316 0.850877 0.606908 0.401316
0.420749 0.934211 0.862573 0.626645 0.417763
0.423631 0.935673 0.865497 0.631579 0.421875
0.426513 0.937135 0.868421 0.635338 0.425987
0.432277 0.940058 0.871053 0.642857 0.434211
0.443804 0.945906 0.876316 0.657895 0.451754
0.446686 0.947368 0.877632 0.660819 0.456140
0.455331 0.949342 0.881579 0.669591 0.469298
0.458213 0.950000 0.883772 0.672515 0.473684
0.469741 0.952632 0.892544 0.684211 0.490132
0.475504 0.953947 0.896930 0.691520 0.498355
0.481268 0.956579 0.901316 0.698830 0.506579
0.495677 0.963158 0.907895 0.717105 0.524854
0.504323 0.967105 0.911842 0.725877 0.535819
0.507205 0.967105 0.913158 0.728801 0.539474
0.510086 0.967105 0.914474 0.731725 0.543062
0.521614 0.967105 0.923246 0.743421 0.557416
0.533141 0.967105 0.932018 0.755117 0.571770
0.536023 0.968567 0.934211 0.758041 0.575359
0.538905 0.970029 0.934868 0.760965 0.578947
0.547550 0.974415 0.936842 0.769737 0.587719
0.559078 0.980263 0.939474 0.778509 0.599415
0.564841 1.000000 0.940789 0.782895 0.605263
0.573487 1.000000 0.942982 0.789474 0.614035
0.587896 1.000000 0.946637 0.799342 0.628655
0.590778 1.000000 0.947368 0.801316 0.631579
0.602305 1.000000 0.952632 0.809211 0.643275
0.616715 1.000000 0.959211 0.820175 0.657895
0.619597 1.000000 0.960526 0.822368 0.660526
0.628242 1.000000 0.962500 0.828947 0.668421
0.645533 1.000000 0.966447 0.842105 0.684211
0.648415 1.000000 0.967105 0.844298 0.686404
0.654179 1.000000 0.967105 0.848684 0.690789
0.671470 1.000000 0.967105 0.856579 0.703947
0.674352 1.000000 0.967105 0.857895 0.706871
0.677233 1.000000 0.967105 0.859211 0.709795
0.682997 1.000000 0.968421 0.861842 0.715643
0.697406 1.000000 0.971711 0.869152 0.730263
0.706052 1.000000 0.973684 0.873538 0.734211
0.708934 1.000000 0.974415 0.875000 0.735526
0.726225 1.000000 0.978801 0.882895 0.743421
0.731988 1.000000 0.980263 0.885526 0.747807
0.737752 1.000000 0.981725 0.888158 0.752193
0.752161 1.000000 0.985380 0.894737 0.763158
0.766571 1.000000 0.989035 0.901316 0.774123
0.778098 1.000000 0.991959 0.904240 0.782895
0.792507 1.000000 0.995614 0.907895 0.789474
0.806916 1.000000 0.999269 0.911184 0.796053
0.821326 1.000000 1.000000 0.914474 0.802632
0.835735 1.000000 1.000000 0.921053 0.809211
0.850144 1.000000 1.000000 0.927632 0.820175
0.861671 1.000000 1.000000 0.930556 0.828947
0.876081 1.000000 1.000000 0.934211 0.832237
0.890490 1.000000 1.000000 0.937500 0.835526
0.904899 1.000000 1.000000 0.940789 0.842836
0.916427 1.000000 1.000000 0.940789 0.848684
0.933718 1.000000 1.000000 0.940789 0.856579
0.945245 1.000000 1.000000 0.943421 0.861842
0.962536 1.000000 1.000000 0.947368 0.869737
0.974063 1.000000 1.000000 0.950000 0.875000
1.000000 1.000000 1.000000 0.953947 0.882895
