0.000000 0.000000 0.000000 0.000000 0.000000
0.045977 0.019737 0.000000 0.000000 0.000000
0.060345 0.063597 0.019737 0.000000 0.000000
0.063218 0.072368 0.025376 0.000000 0.000000
0.077586 0.131579 0.053571 0.000000 0.000000
0.080460 0.142105 0.059210 0.002193 0.000000
0.091954 0.184211 0.089286 0.013889 0.001316
0.097701 0.217105 0.104323 0.019737 0.003947
0.100575 0.233553 0.111842 0.022661 0.005263
0.103448 0.250000 0.123684 0.025585 0.006579
0.114943 0.309211 0.171053 0.037281 0.011842
0.117816 0.319737 0.179825 0.040205 0.013158
0.123563 0.340789 0.197368 0.046053 0.015790
0.129310 0.361842 0.214912 0.054276 0.018421
0.132184 0.376645 0.223684 0.058388 0.019737
0.140805 0.421053 0.255263 0.070724 0.023684
0.146552 0.444737 0.276316 0.078947 0.026316
0.155172 0.480263 0.305921 0.096217 0.032895
0.163793 0.515789 0.335526 0.113487 0.039474
0.169540 0.539474 0.356579 0.125000 0.043860
0.172414 0.550000 0.367105 0.130639 0.046053
0.178161 0.571053 0.388158 0.141917 0.051901
0.183908 0.592105 0.405702 0.153195 0.057749
0.189655 0.609649 0.423246 0.164474 0.063597
0.195402 0.627193 0.440789 0.175987 0.069444
0.198276 0.635965 0.449561 0.181743 0.072368
0.201149 0.644737 0.458333 0.187500 0.075292
0.212644 0.679825 0.493421 0.210526 0.086988
0.218391 0.697368 0.510965 0.223684 0.092836
0.224138 0.710526 0.528509 0.236842 0.098684
0.229885 0.723684 0.546053 0.250000 0.105994
0.232759 0.730263 0.553571 0.256579 0.109649
0.238506 0.743421 0.568609 0.269737 0.116959
0.250000 0.767105 0.598684 0.296053 0.131579
0.252874 0.773026 0.606360 0.302632 0.136513
0.267241 0.802632 0.644737 0.330827 0.161184
0.272989 0.810855 0.656250 0.342105 0.171053
0.290230 0.835526 0.690789 0.376645 0.195724
0.295977 0.842836 0.702068 0.388158 0.203947
0.310345 0.861111 0.730263 0.416353 0.225877
0.316092 0.868421 0.737573 0.427632 0.234649
0.321839 0.872368 0.744883 0.439145 0.243421
0.336207 0.882237 0.763158 0.467928 0.263980
0.339080 0.884211 0.768092 0.473684 0.268092
0.344828 0.888158 0.777961 0.484962 0.276316
0.359195 0.902778 0.802632 0.513158 0.300987
0.367816 0.911550 0.811404 0.527961 0.315789
0.370690 0.914474 0.814327 0.532895 0.319901
0.382184 0.923246 0.826023 0.552632 0.336349
0.385057 0.925439 0.828947 0.556287 0.340461
0.390805 0.929825 0.833333 0.563596 0.348684
0.396552 0.934211 0.837719 0.570906 0.355994
0.408046 0.939474 0.846491 0.585526 0.370614
0.410920 0.940789 0.848684 0.590461 0.374269
0.416667 0.943421 0.853947 0.600329 0.381579
0.425287 0.947368 0.861842 0.615132 0.396382
0.431034 0.948684 0.867105 0.625000 0.406250
0.439655 0.950658 0.875000 0.629934 0.421053
0.454023 0.953947 0.885965 0.638158 0.439327
0.462644 0.956140 0.892544 0.671053 0.450292
0.465517 0.956871 0.894737 0.673977 0.453947
0.479885 0.960526 0.901316 0.688596 0.474507
0.488506 0.962500 0.905263 0.697368 0.486842
0.494253 0.963816 0.907895 0.703216 0.492690
0.508621 0.967105 0.915205 0.717836 0.507310
0.514368 0.969737 0.918129 0.723684 0.513158
0.520115 0.972368 0.921053 0.729532 0.520468
0.537356 0.980263 0.928947 0.747076 0.542398
0.540230 0.980263 0.930263 0.750000 0.546053
0.548851 0.980263 0.934211 0.758772 0.555921
0.566092 0.980263 0.942105 0.776316 0.575658
0.568966 0.980921 0.943421 0.778289 0.578947
0.577586 0.982895 0.947368 0.784211 0.587719
0.594828 0.986842 0.951754 0.796053 0.605263
0.603448 1.000000 0.953947 0.802632 0.614035
0.620690 1.000000 0.957895 0.815789 0.631579
0.623563 1.000000 0.958553 0.817763 0.634503
0.632184 1.000000 0.960526 0.823684 0.643275
0.646552 1.000000 0.963816 0.833553 0.657895
0.649425 1.000000 0.964474 0.835526 0.659868
0.652299 1.000000 0.965132 0.836988 0.661842
0.660920 1.000000 0.967105 0.841374 0.667763
0.675287 1.000000 0.970395 0.848684 0.677632
0.689655 1.000000 0.973684 0.855263 0.692251
0.701149 1.000000 0.976608 0.860526 0.703947
0.704023 1.000000 0.977339 0.861842 0.706140
0.715517 1.000000 0.980263 0.867690 0.714912
0.727011 1.000000 0.980263 0.873538 0.723684
0.729885 1.000000 0.980263 0.875000 0.725000
0.744253 1.000000 0.980263 0.881579 0.731579
0.755747 1.000000 0.982895 0.886842 0.736842
0.758621 1.000000 0.983553 0.888158 0.739035
0.772989 1.000000 0.986842 0.895468 0.750000
0.781609 1.000000 1.000000 0.899854 0.756579
0.784483 1.000000 1.000000 0.901316 0.757895
0.801724 1.000000 1.000000 0.905263 0.765789
0.810345 1.000000 1.000000 0.907237 0.769737
0.813218 1.000000 1.000000 0.907895 0.771930
0.836207 1.000000 1.000000 0.913158 0.789474
0.841954 1.000000 1.000000 0.914474 0.792105
0.864943 1.000000 1.000000 0.926170 0.802632
0.867816 1.000000 1.000000 0.927632 0.804825
0.890805 1.000000 1.000000 0.932895 0.822368
0.896552 1.000000 1.000000 0.934211 0.823684
0.919540 1.000000 1.000000 0.939474 0.828947
0.925287 1.000000 1.000000 0.940789 0.831871
0.945402 1.000000 1.000000 0.940789 0.842105
0.954023 1.000000 1.000000 0.940789 0.846053
0.974138 1.000000 1.000000 0.945395 0.855263
0.982759 1.000000 1.000000 0.947368 0.859211
1.000000 1.000000 1.000000 0.947368 0.859211
