0.000000 0.000000 0.000000 0.000000 0.000000
0.031609 0.026144 0.000000 0.000000 0.000000
0.043103 0.084967 0.019608 0.000000 0.000000
0.054598 0.143791 0.045752 0.000000 0.000000
0.063218 0.192810 0.065360 0.003268 0.001307
0.066092 0.209150 0.077124 0.007353 0.002614
0.074713 0.267974 0.112418 0.019608 0.006536
0.077586 0.289760 0.124183 0.023693 0.007843
0.083333 0.333333 0.153595 0.031863 0.010458
0.089081 0.372549 0.183007 0.040033 0.013072
0.091954 0.392157 0.197712 0.044118 0.014379
0.097701 0.431373 0.227124 0.052288 0.016994
0.100575 0.450980 0.241830 0.058007 0.018301
0.112069 0.516340 0.288889 0.080882 0.023529
0.114943 0.531046 0.300654 0.086601 0.024837
0.117816 0.545752 0.315359 0.092320 0.026144
0.120690 0.560458 0.330065 0.098039 0.029049
0.123563 0.575163 0.344771 0.104575 0.031954
0.126437 0.586928 0.359477 0.111111 0.034858
0.137931 0.633987 0.406536 0.137255 0.046478
0.140805 0.645752 0.418301 0.143791 0.049383
0.143678 0.657516 0.430065 0.151416 0.052288
0.152299 0.692810 0.465359 0.174292 0.064543
0.155172 0.703268 0.477124 0.181917 0.068627
0.158046 0.713725 0.490196 0.189542 0.072712
0.166667 0.745098 0.529412 0.211951 0.084967
0.178161 0.773856 0.568627 0.241830 0.101307
0.183908 0.788235 0.588235 0.259259 0.109477
0.189655 0.802614 0.605664 0.276688 0.117647
0.195402 0.816993 0.623094 0.294118 0.127451
0.201149 0.830065 0.640523 0.309057 0.137255
0.212644 0.856209 0.671024 0.338936 0.156863
0.215517 0.862745 0.678649 0.346405 0.161765
0.218391 0.865650 0.686275 0.354031 0.166667
0.232759 0.880174 0.718954 0.392157 0.191176
0.235632 0.883079 0.725490 0.399627 0.196078
0.238506 0.885984 0.732026 0.407096 0.201797
0.241379 0.888889 0.735294 0.414566 0.207516
0.252874 0.903413 0.748366 0.444444 0.230392
0.255747 0.907044 0.751634 0.450980 0.236111
0.258621 0.910675 0.764706 0.457516 0.241830
0.261494 0.914306 0.777778 0.464052 0.247432
0.267241 0.921569 0.787582 0.477124 0.258637
0.272989 0.925926 0.797386 0.490196 0.269841
0.278736 0.930283 0.807190 0.503268 0.281046
0.284483 0.934641 0.816993 0.516340 0.290850
0.293103 0.941176 0.827887 0.535948 0.305556
0.301724 0.945098 0.838780 0.552754 0.320261
0.310345 0.949020 0.849673 0.569561 0.337068
0.313218 0.950327 0.852941 0.575163 0.342670
0.321839 0.954248 0.862745 0.589869 0.359477
0.333333 0.960058 0.875817 0.609477 0.379085
0.336207 0.961511 0.878722 0.614379 0.383987
0.344828 0.965868 0.887436 0.632026 0.398693
0.347701 0.967320 0.890341 0.637908 0.403595
0.359195 0.972549 0.901961 0.661438 0.423203
0.364943 0.975163 0.905882 0.673203 0.433007
0.367816 0.976471 0.907843 0.676834 0.437908
0.376437 0.980392 0.913725 0.687727 0.452614
0.387931 0.980392 0.921569 0.702251 0.472222
0.390805 0.980392 0.923021 0.705882 0.477124
0.405172 0.980392 0.930283 0.726307 0.501634
0.413793 0.982353 0.934641 0.738562 0.516340
0.433908 0.986928 0.943791 0.763980 0.541757
0.439655 0.988235 0.946405 0.771242 0.549020
0.442529 1.000000 0.947712 0.774147 0.553042
0.462644 1.000000 0.952288 0.794481 0.581197
0.465517 1.000000 0.952941 0.797386 0.585219
0.471264 1.000000 0.954248 0.801743 0.593263
0.477011 1.000000 0.957153 0.806100 0.601307
0.491379 1.000000 0.964415 0.816993 0.615832
0.497126 1.000000 0.967320 0.822222 0.621641
0.502874 1.000000 0.968627 0.827451 0.627451
0.520115 1.000000 0.972549 0.843137 0.649237
0.525862 1.000000 0.973856 0.846042 0.656500
0.528736 1.000000 0.974510 0.847495 0.660131
0.545977 1.000000 0.978431 0.856209 0.677560
0.554598 1.000000 0.980392 0.862092 0.686275
0.574713 1.000000 1.000000 0.875817 0.706609
0.580460 1.000000 1.000000 0.878722 0.712418
0.583333 1.000000 1.000000 0.880174 0.715323
0.600575 1.000000 1.000000 0.888889 0.732752
0.606322 1.000000 1.000000 0.892810 0.738562
0.612069 1.000000 1.000000 0.896732 0.742919
0.629310 1.000000 1.000000 0.908497 0.755991
0.632184 1.000000 1.000000 0.909223 0.758170
0.655172 1.000000 1.000000 0.915033 0.773856
0.660920 1.000000 1.000000 0.916340 0.777778
0.683908 1.000000 1.000000 0.921569 0.795207
0.686782 1.000000 1.000000 0.922876 0.797386
0.712644 1.000000 1.000000 0.934641 0.809150
0.715517 1.000000 1.000000 0.935294 0.810458
0.741379 1.000000 1.000000 0.941176 0.828105
0.744253 1.000000 1.000000 0.941903 0.830065
0.767241 1.000000 1.000000 0.947712 0.841685
0.770115 1.000000 1.000000 0.948366 0.843137
0.795977 1.000000 1.000000 0.954248 0.854902
0.798851 1.000000 1.000000 0.954248 0.856209
0.824713 1.000000 1.000000 0.954248 0.869281
0.853448 1.000000 1.000000 0.960784 0.882353
0.882184 1.000000 1.000000 0.967320 0.888889
0.908046 1.000000 1.000000 0.973856 0.901961
0.936782 1.000000 1.000000 1.000000 0.908497
0.965517 1.000000 1.000000 1.000000 0.915033
1.000000 1.000000 1.000000 1.000000 0.921569
