0.000000 0.000000 0.000000 0.000000 0.000000
0.038235 0.019737 0.000000 0.000000 0.000000
0.052941 0.072368 0.019737 0.000000 0.000000
0.067647 0.131579 0.052632 0.001462 0.000000
0.073529 0.164474 0.065790 0.008772 0.000000
0.079412 0.197368 0.086842 0.016082 0.000000
0.082353 0.217105 0.097368 0.019737 0.000000
0.088235 0.256579 0.118421 0.027047 0.004386
0.100000 0.315789 0.157895 0.041667 0.013158
0.105883 0.345395 0.177632 0.048977 0.017544
0.108823 0.360197 0.192434 0.052632 0.019737
0.111765 0.375000 0.207237 0.057331 0.021930
0.117647 0.418860 0.236842 0.066729 0.026316
0.120589 0.440789 0.248684 0.071429 0.028509
0.126471 0.470395 0.272368 0.080827 0.032895
0.129412 0.485197 0.284211 0.085526 0.035819
0.132353 0.500000 0.296053 0.092105 0.038743
0.147059 0.559211 0.348684 0.125000 0.053363
0.150000 0.571053 0.360526 0.131579 0.056287
0.152942 0.582895 0.372368 0.138158 0.059210
0.161764 0.618421 0.407895 0.157895 0.072368
0.170588 0.650000 0.439474 0.177632 0.085526
0.176471 0.671053 0.460526 0.192669 0.094298
0.179412 0.679825 0.470395 0.200188 0.098684
0.191177 0.714912 0.509868 0.230263 0.115132
0.194117 0.723684 0.519737 0.237939 0.119243
0.202941 0.745888 0.546053 0.260965 0.131579
0.208823 0.760691 0.563596 0.276316 0.141447
0.211765 0.768092 0.572368 0.283835 0.146382
0.217647 0.782895 0.589912 0.298872 0.156250
0.226470 0.797697 0.616228 0.321429 0.171053
0.229412 0.802632 0.625000 0.328947 0.177632
0.241176 0.822368 0.651316 0.355263 0.203947
0.247059 0.832237 0.664474 0.368421 0.217105
0.250000 0.837171 0.671053 0.375000 0.222039
0.264706 0.861842 0.703947 0.413377 0.246711
0.267647 0.865497 0.710526 0.421053 0.251645
0.270589 0.869152 0.717105 0.427632 0.256579
0.288235 0.891082 0.750940 0.467105 0.290414
0.291177 0.894737 0.756579 0.472862 0.296053
0.311764 0.910088 0.787281 0.513158 0.336349
0.314706 0.912281 0.791667 0.519737 0.342105
0.317647 0.914474 0.796053 0.526316 0.347039
0.332353 0.925439 0.816612 0.559211 0.371711
0.338235 0.929825 0.824836 0.561404 0.381579
0.341177 0.932018 0.828947 0.562500 0.387218
0.344117 0.934211 0.832602 0.563596 0.392857
0.350001 0.938596 0.839912 0.565789 0.404135
0.358823 0.945175 0.850877 0.593421 0.421053
0.364706 0.949561 0.858187 0.611842 0.432566
0.367647 0.951754 0.861842 0.616776 0.438322
0.370588 0.953947 0.863816 0.621711 0.444079
0.382353 0.956579 0.871711 0.641447 0.467105
0.388236 0.957895 0.875658 0.651316 0.475329
0.397059 0.959868 0.881579 0.663651 0.487664
0.400000 0.960526 0.883772 0.667763 0.491776
0.405882 0.961842 0.888158 0.675987 0.500000
0.411765 0.963158 0.892544 0.684211 0.507895
0.420589 0.965132 0.899123 0.695175 0.519737
0.423529 0.965789 0.901316 0.698830 0.524671
0.429411 0.967105 0.905702 0.706140 0.534539
0.438235 0.971491 0.912281 0.717105 0.549342
0.444118 0.974415 0.916667 0.724415 0.559211
0.450000 0.977339 0.921053 0.731725 0.566520
0.455882 0.980263 0.923684 0.739035 0.573830
0.464706 0.982237 0.927632 0.750000 0.584795
0.470588 0.983553 0.930263 0.755848 0.592105
0.479412 0.985526 0.934211 0.764620 0.604441
0.485294 0.986842 0.935526 0.770468 0.612664
0.491177 0.986842 0.936842 0.776316 0.620888
0.494118 0.986842 0.937500 0.779240 0.625000
0.508823 0.986842 0.940789 0.793860 0.639620
0.514706 0.986842 0.943713 0.799708 0.645468
0.517647 0.987500 0.945175 0.802632 0.648392
0.520588 0.988158 0.946637 0.804825 0.651316
0.535294 0.991447 0.953947 0.815789 0.665936
0.544118 0.993421 0.955921 0.822368 0.674708
0.547059 0.994079 0.956579 0.824342 0.677632
0.564706 0.998026 0.960526 0.836184 0.695175
0.573529 1.000000 0.962500 0.842105 0.703947
0.594118 1.000000 0.967105 0.857456 0.724415
0.600000 1.000000 0.968421 0.861842 0.730263
0.623530 1.000000 0.973684 0.872368 0.747807
0.626470 1.000000 0.974415 0.873684 0.750000
0.629412 1.000000 0.975146 0.875000 0.751974
0.650000 1.000000 0.980263 0.885234 0.765789
0.655883 1.000000 0.981579 0.888158 0.769737
0.679412 1.000000 1.000000 0.898684 0.787281
0.682353 1.000000 1.000000 0.900000 0.789474
0.685294 1.000000 1.000000 0.901316 0.791447
0.708824 1.000000 1.000000 0.913012 0.807237
0.711765 1.000000 1.000000 0.914474 0.809211
0.738235 1.000000 1.000000 0.920395 0.828947
0.741177 1.000000 1.000000 0.921053 0.830409
0.764706 1.000000 1.000000 0.931579 0.842105
0.770588 1.000000 1.000000 0.934211 0.844737
0.794118 1.000000 1.000000 0.939474 0.855263
0.800000 1.000000 1.000000 0.940789 0.857895
0.823529 1.000000 1.000000 0.946637 0.868421
0.826471 1.000000 1.000000 0.947368 0.869883
0.850000 1.000000 1.000000 0.952632 0.881579
0.855882 1.000000 1.000000 0.953947 0.882895
0.879412 1.000000 1.000000 0.959211 0.888158
0.885295 1.000000 1.000000 0.960526 0.890789
0.908824 1.000000 1.000000 0.965789 0.901316
0.914706 1.000000 1.000000 0.967105 0.902778
0.935294 1.000000 1.000000 0.967105 0.907895
0.944118 1.000000 1.000000 0.967105 0.909868
0.964706 1.000000 1.000000 0.967105 0.914474
0.973529 1.000000 1.000000 0.967105 0.916447
0.994118 1.000000 1.000000 0.972222 0.921053
1.000000 1.000000 1.000000 0.973684 0.922368
