0.000000 0.000000 0.000000 0.000000 0.000000
0.035191 0.019608 0.000000 0.000000 0.000000
0.052786 0.071895 0.019608 0.000000 0.000000
0.064516 0.130719 0.042017 0.000000 0.000000
0.073314 0.179739 0.058824 0.005084 0.001307
0.076246 0.196078 0.068627 0.008715 0.002614
0.085044 0.254902 0.098039 0.019608 0.006536
0.090909 0.284314 0.117647 0.026870 0.009150
0.096774 0.313725 0.138562 0.034132 0.011765
0.099707 0.328431 0.149020 0.037763 0.013072
0.105571 0.357843 0.169935 0.045025 0.015686
0.108504 0.372549 0.181699 0.048656 0.016994
0.111437 0.388889 0.193464 0.052288 0.018301
0.120235 0.437908 0.228758 0.066993 0.022222
0.129032 0.482026 0.254902 0.081699 0.026144
0.131965 0.496732 0.263617 0.086601 0.028322
0.134898 0.511438 0.272331 0.091503 0.030501
0.137830 0.526144 0.281046 0.097105 0.032680
0.143695 0.555556 0.304575 0.108310 0.037037
0.152493 0.586928 0.339869 0.125117 0.043573
0.155425 0.597386 0.350327 0.130719 0.045752
0.158358 0.607843 0.360784 0.137255 0.050654
0.167155 0.643137 0.392157 0.156863 0.065360
0.173021 0.666667 0.415686 0.169935 0.075163
0.175953 0.675381 0.427451 0.176471 0.080065
0.178886 0.684096 0.439216 0.183007 0.084967
0.181818 0.692810 0.450980 0.189542 0.087872
0.190616 0.718954 0.477124 0.209150 0.096587
0.196481 0.734205 0.494553 0.222222 0.102397
0.199413 0.741830 0.503268 0.229692 0.105301
0.205278 0.757081 0.520697 0.244631 0.111111
0.208211 0.764706 0.529412 0.252101 0.116013
0.217008 0.784314 0.555556 0.274510 0.130719
0.225806 0.803922 0.581699 0.294118 0.145425
0.228739 0.808824 0.590414 0.300654 0.150327
0.234605 0.818627 0.607843 0.313725 0.160131
0.237536 0.823529 0.614379 0.320261 0.165033
0.249267 0.843137 0.640523 0.350763 0.184641
0.252200 0.846768 0.647059 0.358388 0.189542
0.255131 0.850399 0.653595 0.366013 0.194444
0.275659 0.875817 0.699346 0.411765 0.228758
0.275659 0.875817 0.699346 0.411765 0.228758
0.293255 0.893246 0.725490 0.450980 0.258170
0.296187 0.896151 0.732026 0.457516 0.263072
0.299120 0.899056 0.738562 0.463235 0.267974
0.302053 0.901961 0.745098 0.468954 0.272876
0.307918 0.906318 0.758170 0.480392 0.282680
0.319648 0.915033 0.777778 0.503268 0.302288
0.322581 0.917211 0.782680 0.508870 0.307190
0.328446 0.921569 0.792484 0.520075 0.318394
0.331378 0.923529 0.797386 0.525677 0.323996
0.340176 0.929412 0.806100 0.542484 0.340803
0.343109 0.931373 0.809005 0.548203 0.346405
0.357771 0.941176 0.823529 0.576797 0.370915
0.363637 0.944081 0.829339 0.588235 0.380719
0.366569 0.945534 0.832244 0.592320 0.385621
0.384165 0.954248 0.849673 0.616830 0.415033
0.387096 0.954902 0.852288 0.620915 0.419935
0.390029 0.955556 0.854902 0.625584 0.424837
0.407624 0.959477 0.870588 0.653595 0.446623
0.413490 0.960784 0.875817 0.661765 0.453885
0.416422 0.962237 0.877996 0.665850 0.457516
0.431085 0.969499 0.888889 0.686275 0.482026
0.439883 0.973856 0.895425 0.697168 0.496732
0.457478 0.977778 0.908497 0.718954 0.521242
0.463343 0.979085 0.912854 0.724764 0.529412
0.466275 0.979739 0.915033 0.727669 0.533147
0.469208 0.980392 0.916340 0.730574 0.536881
0.483871 0.980392 0.922876 0.745098 0.555556
0.495601 0.980392 0.928105 0.756718 0.570495
0.498534 0.980392 0.929557 0.759622 0.574230
0.504399 0.981699 0.932462 0.765432 0.581699
0.510264 0.983007 0.935367 0.771242 0.587509
0.521994 0.985621 0.941176 0.781699 0.599129
0.527859 0.986928 0.942484 0.786928 0.604938
0.530792 0.987582 0.943137 0.789542 0.607843
0.539589 0.989542 0.945098 0.797386 0.618736
0.551320 0.992157 0.947712 0.806100 0.633261
0.557184 1.000000 0.949020 0.810458 0.640523
0.565982 1.000000 0.950980 0.816993 0.649237
0.580645 1.000000 0.954248 0.827887 0.663762
0.583578 1.000000 0.954902 0.830065 0.666667
0.586510 1.000000 0.955556 0.832244 0.669572
0.592376 1.000000 0.956863 0.836601 0.675381
0.609971 1.000000 0.960784 0.848366 0.692810
0.615835 1.000000 0.962237 0.852288 0.698620
0.621701 1.000000 0.963689 0.856209 0.704430
0.636363 1.000000 0.967320 0.863471 0.718954
0.648094 1.000000 0.969935 0.869281 0.726797
0.665689 1.000000 0.973856 0.877124 0.738562
0.677419 1.000000 0.976471 0.882353 0.747277
0.692082 1.000000 0.979739 0.889615 0.758170
0.695014 1.000000 1.000000 0.891068 0.760349
0.703813 1.000000 1.000000 0.895425 0.766885
0.718475 1.000000 1.000000 0.898693 0.777778
0.724341 1.000000 1.000000 0.900000 0.780392
0.733138 1.000000 1.000000 0.901961 0.784314
0.747800 1.000000 1.000000 0.909223 0.790850
0.753666 1.000000 1.000000 0.912128 0.795207
0.759531 1.000000 1.000000 0.915033 0.799564
0.774194 1.000000 1.000000 0.918301 0.810458
0.788856 1.000000 1.000000 0.921569 0.816993
0.803519 1.000000 1.000000 0.928105 0.823529
0.818182 1.000000 1.000000 0.934641 0.830065
0.832845 1.000000 1.000000 0.937908 0.836601
0.847507 1.000000 1.000000 0.941176 0.843863
0.859237 1.000000 1.000000 0.944081 0.849673
0.873901 1.000000 1.000000 0.947712 0.856209
0.888563 1.000000 1.000000 0.950980 0.862745
0.903226 1.000000 1.000000 0.954248 0.870007
0.914955 1.000000 1.000000 0.954248 0.875817
0.932552 1.000000 1.000000 0.954248 0.879739
0.944282 1.000000 1.000000 0.956863 0.882353
0.961877 1.000000 1.000000 0.960784 0.886275
0.973607 1.000000 1.000000 0.960784 0.888889
0.991202 1.000000 1.000000 0.960784 0.897603
1.000000 1.000000 1.000000 0.960784 0.901961
