0.000000 0.000000 0.000000 0.000000 0.000000
0.032164 0.026316 0.000000 0.000000 0.003268
0.043860 0.073684 0.026144 0.000000 0.005882
0.046784 0.085526 0.034858 0.000000 0.006536
0.058480 0.144737 0.069717 0.009804 0.009150
0.061403 0.164474 0.078431 0.014706 0.009804
0.064327 0.184211 0.093137 0.019608 0.010458
0.067251 0.203947 0.107843 0.024510 0.011111
0.073099 0.236842 0.137255 0.034314 0.012418
0.076023 0.253290 0.149020 0.039216 0.013072
0.078947 0.269737 0.160784 0.044118 0.013726
0.087719 0.328947 0.196078 0.058824 0.015686
0.096491 0.388158 0.240196 0.078431 0.017647
0.099415 0.404606 0.254902 0.084967 0.018301
0.105263 0.437501 0.284314 0.098039 0.019608
0.108187 0.453947 0.299020 0.104575 0.022513
0.111111 0.473684 0.313725 0.113290 0.025418
0.116959 0.513158 0.343137 0.130719 0.031227
0.122807 0.536842 0.372549 0.148148 0.037037
0.125731 0.548684 0.387255 0.156863 0.039942
0.131579 0.572368 0.416667 0.177778 0.045752
0.134503 0.587171 0.431373 0.188235 0.049837
0.140351 0.616776 0.454902 0.209150 0.058007
0.143274 0.631579 0.466667 0.217865 0.062092
0.149123 0.655263 0.490196 0.235294 0.070261
0.154971 0.678948 0.513725 0.252723 0.078431
0.157895 0.690790 0.525490 0.261438 0.083333
0.163742 0.708334 0.549020 0.278867 0.093137
0.175439 0.743421 0.596078 0.313725 0.112745
0.178363 0.751879 0.607843 0.322440 0.117647
0.192983 0.794173 0.651416 0.366013 0.142157
0.195907 0.802632 0.660131 0.375817 0.147059
0.201754 0.813910 0.675381 0.395425 0.156863
0.210526 0.830827 0.698257 0.424837 0.176471
0.213451 0.836466 0.705882 0.432462 0.183007
0.216374 0.842105 0.712418 0.440087 0.189542
0.222222 0.850877 0.725490 0.455338 0.202614
0.228070 0.859650 0.738562 0.470588 0.214052
0.233919 0.868421 0.751634 0.485839 0.225490
0.242690 0.881579 0.768791 0.508715 0.242647
0.245614 0.884503 0.774510 0.516340 0.248366
0.257310 0.896199 0.797386 0.546218 0.270775
0.266082 0.904971 0.812092 0.568627 0.287582
0.269006 0.907895 0.816993 0.575163 0.294118
0.280702 0.919590 0.836601 0.601307 0.320261
0.286550 0.925439 0.843137 0.614379 0.333333
0.295321 0.934211 0.852941 0.631186 0.348039
0.304094 0.940790 0.862745 0.647993 0.362745
0.307018 0.942982 0.865650 0.653595 0.367647
0.309942 0.945176 0.868555 0.658497 0.372549
0.321637 0.953947 0.880174 0.678105 0.395425
0.330409 0.957895 0.888889 0.692810 0.412582
0.333333 0.959210 0.890850 0.697712 0.418301
0.350877 0.967105 0.902614 0.727124 0.451914
0.353801 0.967763 0.904575 0.732026 0.457516
0.359649 0.969079 0.908497 0.740196 0.467320
0.377193 0.973027 0.925926 0.764706 0.496732
0.380117 0.973684 0.928831 0.768337 0.501634
0.385964 0.976608 0.934641 0.775599 0.511438
0.400585 0.983918 0.941176 0.793755 0.535948
0.403509 0.985380 0.942484 0.797386 0.540850
0.406432 0.986842 0.943791 0.800290 0.545752
0.415205 0.986842 0.947712 0.809005 0.560458
0.423976 0.986842 0.949891 0.817720 0.575163
0.429824 0.986842 0.951344 0.823529 0.582426
0.435673 0.986842 0.952796 0.827451 0.589688
0.441521 0.988158 0.954248 0.831373 0.596950
0.450292 0.990131 0.956209 0.837255 0.607843
0.459065 0.992105 0.958170 0.843137 0.617647
0.464912 0.993421 0.959477 0.847495 0.624183
0.470760 0.994737 0.960784 0.851852 0.630719
0.473684 0.995395 0.962092 0.854031 0.633987
0.485380 0.998026 0.967320 0.862745 0.648511
0.494152 1.000000 0.971242 0.869281 0.659405
0.499999 1.000000 0.973856 0.873638 0.666667
0.511696 1.000000 0.976761 0.882353 0.678286
0.523392 1.000000 0.979666 0.891068 0.689906
0.526316 1.000000 0.980392 0.893246 0.692810
0.538011 1.000000 0.983297 0.901961 0.704430
0.552632 1.000000 0.986928 0.908497 0.718954
0.567252 1.000000 0.990559 0.915033 0.732026
0.581871 1.000000 0.994190 0.918301 0.745098
0.596491 1.000000 0.997821 0.921569 0.759622
0.608187 1.000000 1.000000 0.927378 0.771242
0.622807 1.000000 1.000000 0.934641 0.782135
0.634503 1.000000 1.000000 0.937255 0.790850
0.652046 1.000000 1.000000 0.941176 0.803922
0.660819 1.000000 1.000000 0.945098 0.810458
0.681287 1.000000 1.000000 0.954248 0.815033
0.690058 1.000000 1.000000 0.954248 0.816993
0.710526 1.000000 1.000000 0.954248 0.837328
0.716374 1.000000 1.000000 0.955701 0.843137
0.736842 1.000000 1.000000 0.960784 0.852288
0.745614 1.000000 1.000000 0.962745 0.856209
0.766081 1.000000 1.000000 0.967320 0.866376
0.771930 1.000000 1.000000 0.968627 0.869281
0.795322 1.000000 1.000000 0.973856 0.879739
0.801169 1.000000 1.000000 0.975163 0.882353
0.824561 1.000000 1.000000 0.980392 0.887582
0.830409 1.000000 1.000000 0.980392 0.888889
0.853801 1.000000 1.000000 0.980392 0.900508
0.856725 1.000000 1.000000 0.980392 0.901961
0.883041 1.000000 1.000000 0.980392 0.907843
0.885965 1.000000 1.000000 0.980392 0.908497
0.912280 1.000000 1.000000 0.980392 0.914379
0.915204 1.000000 1.000000 0.981046 0.915033
0.941520 1.000000 1.000000 0.986928 0.928105
0.970760 1.000000 1.000000 0.986928 0.934641
1.000000 1.000000 1.000000 0.986928 0.934641
