0.000000 0.000000 0.000000 0.000000 0.000000
0.056213 0.026490 0.000000 0.000000 0.000000
0.068047 0.052980 0.019737 0.000000 0.000000
0.076923 0.072848 0.034540 0.000000 0.000000
0.091716 0.132450 0.059210 0.013889 0.000000
0.097633 0.153643 0.072368 0.019737 0.002632
0.106509 0.185431 0.092105 0.028509 0.006579
0.112426 0.209272 0.105263 0.034357 0.009211
0.121302 0.245033 0.131579 0.043129 0.013158
0.124260 0.256953 0.140351 0.046053 0.014474
0.130177 0.280794 0.157895 0.054276 0.017105
0.136095 0.304636 0.175439 0.062500 0.019737
0.147929 0.347020 0.210526 0.078947 0.025000
0.150888 0.357616 0.219298 0.083882 0.026316
0.165680 0.417219 0.263158 0.108553 0.037281
0.171598 0.441060 0.284211 0.118421 0.041667
0.177515 0.464901 0.305263 0.129934 0.046053
0.180474 0.476821 0.315789 0.135691 0.048977
0.195267 0.520971 0.359649 0.164474 0.063597
0.198225 0.529802 0.368421 0.170113 0.066520
0.204142 0.547462 0.383459 0.181391 0.072368
0.215977 0.582781 0.413534 0.203947 0.086988
0.218935 0.590508 0.421053 0.210526 0.090643
0.230769 0.621413 0.456140 0.236842 0.105263
0.233728 0.629139 0.464912 0.243421 0.108187
0.236687 0.636708 0.473684 0.250000 0.111111
0.254438 0.682120 0.518797 0.284539 0.128655
0.257396 0.688139 0.526316 0.290296 0.131579
0.260355 0.694160 0.533991 0.296053 0.136513
0.275149 0.724263 0.572368 0.328947 0.161184
0.281065 0.736303 0.585526 0.342105 0.171053
0.286982 0.748344 0.598684 0.355263 0.179276
0.295858 0.763245 0.618421 0.375000 0.191612
0.301775 0.773179 0.624060 0.388158 0.199836
0.304734 0.778145 0.626880 0.393797 0.203947
0.310651 0.788080 0.632519 0.405075 0.213816
0.316568 0.796357 0.638158 0.416353 0.223684
0.322485 0.804636 0.660088 0.427632 0.233553
0.325444 0.808775 0.671053 0.432566 0.238487
0.328403 0.812914 0.675987 0.437500 0.243421
0.334319 0.821192 0.685855 0.447368 0.252193
0.346154 0.835908 0.705592 0.467105 0.269737
0.349113 0.839588 0.710526 0.472862 0.274123
0.355029 0.846946 0.718750 0.484375 0.282895
0.360947 0.854304 0.726974 0.495888 0.291118
0.369823 0.860265 0.739309 0.513158 0.303454
0.372781 0.862252 0.743421 0.517857 0.307566
0.378698 0.866225 0.750731 0.527256 0.315789
0.390532 0.874172 0.765351 0.546053 0.332237
0.399408 0.883002 0.776316 0.560855 0.344572
0.402367 0.885946 0.779971 0.565789 0.348684
0.414201 0.897719 0.794591 0.585526 0.363304
0.417160 0.900662 0.798246 0.589181 0.366959
0.426036 0.907285 0.809211 0.600146 0.377924
0.428994 0.909493 0.811404 0.603801 0.381579
0.440829 0.918323 0.820175 0.618421 0.401316
0.443788 0.920530 0.822368 0.622533 0.406250
0.452663 0.924503 0.828947 0.634868 0.421053
0.464498 0.929801 0.840643 0.651316 0.437500
0.473373 0.933775 0.849415 0.662281 0.449836
0.476332 0.935247 0.852339 0.665936 0.453947
0.479290 0.936719 0.855263 0.669591 0.457602
0.491124 0.942605 0.863158 0.684211 0.472222
0.500001 0.947019 0.869079 0.692982 0.483187
0.502959 0.948344 0.871053 0.695906 0.486842
0.508876 0.950994 0.875000 0.701754 0.494152
0.517752 0.954967 0.881579 0.710526 0.505117
0.529586 0.960265 0.890351 0.722222 0.519737
0.535503 0.961589 0.894737 0.728070 0.525585
0.544379 0.963576 0.898684 0.736842 0.534357
0.556214 0.966225 0.903947 0.748538 0.546053
0.559172 0.966887 0.905263 0.751462 0.548977
0.565089 0.968359 0.907895 0.757310 0.554825
0.571006 0.969831 0.910819 0.763158 0.560673
0.582840 0.972774 0.916667 0.771053 0.572368
0.585799 0.973510 0.918129 0.773026 0.575292
0.591716 0.974834 0.921053 0.776974 0.581140
0.600592 0.976822 0.925000 0.782895 0.589912
0.609468 0.978808 0.928947 0.789474 0.598684
0.615385 0.980132 0.931579 0.793860 0.605994
0.621302 0.981457 0.934211 0.798246 0.613304
0.627219 0.982782 0.935526 0.802632 0.620614
0.636095 0.984768 0.937500 0.808553 0.631579
0.644971 0.986755 0.939474 0.814474 0.640351
0.650888 0.986755 0.940789 0.818421 0.646199
0.656805 0.986755 0.942105 0.822368 0.652047
0.662722 0.986755 0.943421 0.826754 0.657895
0.674557 0.986755 0.946053 0.835526 0.665789
0.680473 0.988080 0.947368 0.839912 0.669737
0.683432 0.988742 0.948099 0.842105 0.671711
0.692308 0.990729 0.950292 0.846491 0.677632
0.704142 0.993377 0.953216 0.852339 0.686404
0.707101 0.993377 0.953947 0.853801 0.688596
0.710060 0.993377 0.954605 0.855263 0.690789
0.718935 0.993377 0.956579 0.861184 0.697368
0.733728 0.993377 0.959868 0.871053 0.708333
0.736686 0.994113 0.960526 0.873026 0.710526
0.739645 0.994849 0.961184 0.875000 0.712719
0.745563 0.996321 0.962500 0.876316 0.717105
0.760355 1.000000 0.965789 0.879605 0.726974
0.766273 1.000000 0.967105 0.880921 0.730921
0.769232 1.000000 0.967105 0.881579 0.732895
0.775148 1.000000 0.967105 0.884503 0.736842
0.789941 1.000000 0.967105 0.891813 0.747807
0.795858 1.000000 0.967105 0.894737 0.752193
0.801776 1.000000 0.968421 0.896053 0.756579
0.825445 1.000000 0.973684 0.901316 0.767105
0.831361 1.000000 0.975146 0.903947 0.769737
0.852071 1.000000 0.980263 0.913158 0.785088
0.855030 1.000000 0.980994 0.914474 0.787281
0.857989 1.000000 0.981725 0.915132 0.789474
0.884615 1.000000 0.988304 0.921053 0.801316
0.887574 1.000000 0.989035 0.921784 0.802632
0.911243 1.000000 0.994883 0.927632 0.820175
0.914202 1.000000 0.995614 0.928289 0.822368
0.940829 1.000000 1.000000 0.934211 0.828289
0.943787 1.000000 1.000000 0.934868 0.828947
0.970415 1.000000 1.000000 0.940789 0.840789
0.973373 1.000000 1.000000 0.941447 0.842105
1.000000 1.000000 1.000000 0.947368 0.848684
