0.000000 0.000000 0.000000 0.000000 0.000000
0.049563 0.039735 0.014803 0.000000 0.000000
0.052478 0.048565 0.019737 0.000000 0.000000
0.067055 0.092715 0.044408 0.000000 0.000000
0.075802 0.137417 0.059210 0.008772 0.000000
0.078717 0.152318 0.069737 0.012427 0.000000
0.084548 0.182119 0.090789 0.019737 0.002632
0.090379 0.211920 0.111842 0.027047 0.005263
0.102041 0.278146 0.151316 0.041667 0.010526
0.107872 0.307947 0.171053 0.048977 0.013158
0.110787 0.322848 0.181579 0.052632 0.014474
0.113703 0.337748 0.192105 0.058271 0.015790
0.122449 0.382450 0.223684 0.075188 0.019737
0.125364 0.397351 0.235526 0.080827 0.021053
0.131195 0.427152 0.259211 0.092105 0.023684
0.137026 0.456953 0.282895 0.105263 0.026316
0.151603 0.516556 0.342105 0.138158 0.040936
0.151603 0.516556 0.342105 0.138158 0.040936
0.163266 0.558940 0.384211 0.168233 0.052632
0.166181 0.569536 0.394737 0.175752 0.056743
0.172011 0.593378 0.418421 0.190789 0.064967
0.180758 0.629139 0.453947 0.213816 0.077303
0.186589 0.646799 0.471491 0.229167 0.085526
0.189505 0.655629 0.480263 0.236842 0.089181
0.198250 0.682120 0.506579 0.259398 0.100146
0.209913 0.708609 0.548684 0.289474 0.114766
0.212828 0.715232 0.559211 0.296053 0.118421
0.230320 0.754967 0.598684 0.335526 0.148026
0.233236 0.761589 0.605263 0.343202 0.152961
0.236152 0.768212 0.611842 0.350877 0.157895
0.247814 0.794702 0.638158 0.381579 0.177632
0.250728 0.801325 0.644737 0.389098 0.182566
0.253644 0.806292 0.651316 0.396617 0.187500
0.259475 0.816225 0.667105 0.411654 0.197368
0.268222 0.831126 0.690789 0.434211 0.212171
0.274053 0.841059 0.700658 0.445489 0.222039
0.282799 0.850994 0.715461 0.462406 0.236842
0.288630 0.857616 0.725329 0.473684 0.248120
0.291545 0.860927 0.730263 0.480263 0.253759
0.297376 0.867550 0.743421 0.493421 0.265038
0.303207 0.874908 0.756579 0.506579 0.276316
0.309038 0.882266 0.769737 0.519737 0.286184
0.311953 0.885946 0.776316 0.525493 0.291118
0.323616 0.900662 0.790936 0.548520 0.310855
0.326531 0.902650 0.794591 0.554276 0.315789
0.332361 0.906623 0.801901 0.565789 0.325658
0.338192 0.910596 0.809211 0.575658 0.335526
0.344023 0.914570 0.815058 0.585526 0.345395
0.349855 0.918543 0.820906 0.595395 0.355263
0.352770 0.920530 0.823830 0.600329 0.359375
0.364431 0.929360 0.835526 0.620066 0.375822
0.367347 0.931568 0.838450 0.625000 0.379934
0.373178 0.935983 0.844298 0.634868 0.388158
0.379009 0.940398 0.850146 0.644737 0.398026
0.390670 0.945696 0.861842 0.664474 0.417763
0.396502 0.948344 0.867690 0.671053 0.427632
0.408163 0.953642 0.879386 0.684211 0.447368
0.413994 0.955114 0.885234 0.690789 0.457237
0.416910 0.955850 0.888158 0.695175 0.462171
0.419825 0.956585 0.890132 0.699561 0.467105
0.434402 0.960265 0.900000 0.721491 0.485380
0.440233 0.962914 0.903947 0.730263 0.492690
0.446064 0.965563 0.907895 0.736111 0.500000
0.463557 0.973510 0.916667 0.753655 0.524671
0.466472 0.974172 0.918129 0.756579 0.528783
0.469388 0.974834 0.919591 0.759503 0.532895
0.472303 0.975497 0.921053 0.762427 0.536550
0.492711 0.980132 0.930263 0.782895 0.562135
0.495627 0.980868 0.931579 0.785819 0.565789
0.501458 0.982340 0.934211 0.791667 0.574013
0.518950 0.986755 0.938158 0.809211 0.598684
0.530613 0.989404 0.940789 0.817105 0.610380
0.545189 0.992715 0.948099 0.826974 0.625000
0.548105 0.993377 0.949561 0.828947 0.628289
0.556852 0.995365 0.953947 0.835526 0.638158
0.574344 0.999338 0.957895 0.848684 0.657895
0.577260 1.000000 0.958553 0.850877 0.660819
0.586006 1.000000 0.960526 0.857456 0.669591
0.600583 1.000000 0.963816 0.868421 0.684211
0.606414 1.000000 0.965132 0.871053 0.688596
0.615161 1.000000 0.967105 0.875000 0.695175
0.626822 1.000000 0.970029 0.880263 0.703947
0.629738 1.000000 0.970760 0.881579 0.706871
0.641400 1.000000 0.973684 0.887427 0.718567
0.653061 1.000000 0.976316 0.893275 0.730263
0.655977 1.000000 0.976974 0.894737 0.732237
0.670555 1.000000 0.980263 0.898026 0.742105
0.682216 1.000000 0.982895 0.900658 0.750000
0.685131 1.000000 0.983553 0.901316 0.751462
0.708455 1.000000 0.988816 0.917105 0.763158
0.714286 1.000000 0.990132 0.921053 0.767105
0.737609 1.000000 0.995395 0.926901 0.782895
0.740525 1.000000 0.996053 0.927632 0.785088
0.763849 1.000000 1.000000 0.932895 0.802632
0.769680 1.000000 1.000000 0.934211 0.806579
0.793003 1.000000 1.000000 0.939474 0.822368
0.798834 1.000000 1.000000 0.940789 0.825292
0.819242 1.000000 1.000000 0.945395 0.835526
0.827989 1.000000 1.000000 0.947368 0.839474
0.848397 1.000000 1.000000 0.952485 0.848684
0.854228 1.000000 1.000000 0.953947 0.850000
0.877552 1.000000 1.000000 0.959211 0.855263
0.883382 1.000000 1.000000 0.960526 0.858187
0.903791 1.000000 1.000000 0.965132 0.868421
0.912536 1.000000 1.000000 0.967105 0.872368
0.932945 1.000000 1.000000 0.967105 0.881579
0.941691 1.000000 1.000000 0.967105 0.883553
0.962099 1.000000 1.000000 0.967105 0.888158
0.970846 1.000000 1.000000 0.967105 0.892544
0.988338 1.000000 1.000000 0.971053 0.901316
1.000000 1.000000 1.000000 0.973684 0.907164
