0.000000 0.000000 0.000000 0.000000 0.000000
0.028985 0.032895 0.000000 0.000000 0.000000
0.037681 0.077303 0.013158 0.000000 0.000000
0.040580 0.092105 0.018797 0.000000 0.000000
0.052174 0.151316 0.041353 0.002193 0.000000
0.057971 0.195175 0.052632 0.008041 0.000000
0.060870 0.217105 0.064474 0.010965 0.000000
0.069565 0.282895 0.100000 0.019737 0.000000
0.072464 0.302632 0.111842 0.022661 0.000000
0.078261 0.342105 0.135526 0.028509 0.000000
0.086957 0.407895 0.171053 0.037281 0.006579
0.095652 0.467105 0.215461 0.046053 0.013158
0.098551 0.489035 0.230263 0.052632 0.015351
0.104348 0.532895 0.253947 0.065790 0.019737
0.113044 0.592105 0.289474 0.085526 0.026316
0.115943 0.606908 0.304276 0.092105 0.028509
0.121740 0.636513 0.333882 0.105263 0.032895
0.124637 0.651316 0.348684 0.111842 0.035819
0.136231 0.698684 0.396053 0.138158 0.047515
0.139130 0.710526 0.407895 0.146930 0.050439
0.147826 0.736842 0.452303 0.173246 0.059210
0.150724 0.745614 0.467105 0.182018 0.063597
0.153623 0.754386 0.478947 0.190789 0.067983
0.156521 0.763158 0.490789 0.199561 0.072368
0.165217 0.794737 0.526316 0.225877 0.085526
0.171014 0.815789 0.547368 0.243421 0.094298
0.173913 0.821429 0.557895 0.250940 0.098684
0.179710 0.832707 0.578947 0.265977 0.108553
0.191304 0.855263 0.614035 0.296053 0.128289
0.197101 0.865132 0.631579 0.311404 0.138158
0.208696 0.884868 0.666667 0.342105 0.160714
0.214493 0.894737 0.684211 0.359649 0.171992
0.217391 0.898026 0.690789 0.368421 0.177632
0.226087 0.907895 0.710526 0.394737 0.192434
0.234783 0.917763 0.730263 0.414474 0.207237
0.237681 0.921053 0.736842 0.421053 0.212171
0.240580 0.923684 0.743421 0.427632 0.217105
0.246377 0.928947 0.756579 0.440789 0.230263
0.257971 0.939474 0.782895 0.475877 0.256579
0.260870 0.942105 0.787829 0.484649 0.263158
0.263768 0.944737 0.792763 0.493421 0.268914
0.266667 0.947368 0.797697 0.500000 0.274671
0.281160 0.954678 0.822368 0.532895 0.303454
0.284058 0.956140 0.826023 0.539474 0.309211
0.292754 0.960526 0.836988 0.556743 0.324013
0.307247 0.967105 0.855263 0.585526 0.348684
0.321740 0.973684 0.869883 0.613722 0.376880
0.327537 0.976608 0.875731 0.625000 0.388158
0.333334 0.979532 0.881579 0.634868 0.398026
0.347827 0.986842 0.896199 0.659539 0.422697
0.350725 0.986842 0.899123 0.664474 0.427632
0.359421 0.986842 0.907895 0.679276 0.442434
0.373914 0.986842 0.914474 0.703947 0.467105
0.376811 0.986842 0.915789 0.708059 0.472039
0.388405 0.989474 0.921053 0.724507 0.491776
0.397101 0.991447 0.927632 0.736842 0.506579
0.405797 0.993421 0.934211 0.747807 0.521382
0.414493 0.995395 0.940789 0.758772 0.536184
0.420290 0.996711 0.943713 0.766082 0.546053
0.423188 0.997368 0.945175 0.769737 0.550164
0.440580 1.000000 0.953947 0.787281 0.574836
0.443478 1.000000 0.954605 0.790205 0.578947
0.449275 1.000000 0.955921 0.796053 0.586623
0.469565 1.000000 0.960526 0.814474 0.613487
0.478261 1.000000 0.964474 0.822368 0.625000
0.498551 1.000000 0.973684 0.837719 0.645468
0.504348 1.000000 0.973684 0.842105 0.651316
0.527537 1.000000 0.973684 0.859649 0.680556
0.530435 1.000000 0.974342 0.861842 0.684211
0.556522 1.000000 0.980263 0.879605 0.710526
0.556522 1.000000 0.980263 0.879605 0.710526
0.559421 1.000000 0.980921 0.881579 0.713450
0.582609 1.000000 0.986184 0.893275 0.736842
0.585508 1.000000 0.986842 0.894737 0.738816
0.611595 1.000000 0.992763 0.906579 0.756579
0.614493 1.000000 0.993421 0.907895 0.758772
0.637681 1.000000 0.998684 0.919591 0.776316
0.640579 1.000000 0.999342 0.921053 0.778509
0.663768 1.000000 1.000000 0.926316 0.796053
0.669565 1.000000 1.000000 0.927632 0.800000
0.692754 1.000000 1.000000 0.938158 0.815789
0.698551 1.000000 1.000000 0.940789 0.820175
0.718841 1.000000 1.000000 0.945906 0.835526
0.724638 1.000000 1.000000 0.947368 0.838450
0.744928 1.000000 1.000000 0.951974 0.848684
0.753623 1.000000 1.000000 0.953947 0.852632
0.773913 1.000000 1.000000 0.958553 0.861842
0.782609 1.000000 1.000000 0.960526 0.863816
0.802899 1.000000 1.000000 0.965132 0.868421
0.811595 1.000000 1.000000 0.967105 0.872807
0.828986 1.000000 1.000000 0.971491 0.881579
0.837682 1.000000 1.000000 0.973684 0.885526
0.857972 1.000000 1.000000 0.973684 0.894737
0.866667 1.000000 1.000000 0.973684 0.896711
0.886956 1.000000 1.000000 0.973684 0.901316
0.895652 1.000000 1.000000 0.973684 0.905702
0.913043 1.000000 1.000000 0.977632 0.914474
0.924638 1.000000 1.000000 0.980263 0.917105
0.942029 1.000000 1.000000 0.980263 0.921053
0.953623 1.000000 1.000000 0.980263 0.923684
0.971015 1.000000 1.000000 0.984211 0.927632
0.982609 1.000000 1.000000 0.986842 0.930263
1.000000 1.000000 1.000000 0.990789 0.934211
