0.000000 0.000000 0.000000 0.000000 0.000000
0.043605 0.026316 0.000000 0.086207 0.000000
0.055233 0.052632 0.019608 0.086207 0.000000
0.063953 0.072368 0.039216 0.086207 0.001307
0.075581 0.131579 0.065360 0.086207 0.006536
0.087209 0.190789 0.100218 0.086207 0.011765
0.090116 0.202631 0.108932 0.086207 0.013072
0.093023 0.214474 0.117647 0.086207 0.014379
0.101744 0.250000 0.149020 0.086207 0.018301
0.107558 0.279606 0.169935 0.086207 0.020915
0.110465 0.294408 0.181699 0.086207 0.022222
0.113372 0.309211 0.193464 0.086207 0.023529
0.119186 0.342105 0.216993 0.086207 0.026144
0.122093 0.358552 0.228758 0.087768 0.029049
0.125000 0.375000 0.240523 0.093371 0.031954
0.130814 0.404606 0.264052 0.104575 0.037763
0.136627 0.434211 0.287582 0.117647 0.043573
0.145349 0.465789 0.318954 0.137255 0.052288
0.151162 0.486842 0.339869 0.150327 0.062092
0.154070 0.498684 0.349673 0.156863 0.066993
0.165698 0.546053 0.388889 0.187364 0.086601
0.168605 0.557894 0.398693 0.194989 0.091503
0.171511 0.569737 0.409150 0.202614 0.095588
0.180233 0.605263 0.440523 0.225023 0.107843
0.183139 0.614035 0.450980 0.232493 0.111928
0.191860 0.640351 0.477124 0.254902 0.124183
0.197674 0.657895 0.494553 0.270153 0.133987
0.200581 0.666666 0.503268 0.277778 0.138889
0.209303 0.692982 0.529412 0.300654 0.153595
0.215117 0.710526 0.546841 0.313725 0.163399
0.218023 0.716166 0.555556 0.320261 0.169118
0.229651 0.738722 0.590414 0.346405 0.191993
0.235465 0.750000 0.607843 0.361345 0.203431
0.238372 0.756030 0.614379 0.368814 0.209150
0.249999 0.780153 0.640523 0.398693 0.231559
0.255814 0.792215 0.653595 0.416122 0.242764
0.258721 0.798245 0.660131 0.424837 0.248366
0.267442 0.816338 0.679739 0.450980 0.263072
0.270348 0.822368 0.686275 0.456583 0.267974
0.276163 0.829679 0.699346 0.467787 0.277778
0.281977 0.836989 0.710784 0.478992 0.287582
0.287791 0.844298 0.722222 0.490196 0.300654
0.296511 0.855263 0.739379 0.507353 0.320261
0.299419 0.858187 0.745098 0.513072 0.326797
0.302326 0.861111 0.749767 0.518791 0.333333
0.311046 0.869884 0.763772 0.535948 0.348039
0.319767 0.878655 0.777778 0.552754 0.362745
0.322675 0.881579 0.781409 0.558357 0.367647
0.325581 0.884503 0.785040 0.563959 0.372549
0.331395 0.890351 0.792302 0.575163 0.382353
0.345930 0.904971 0.810458 0.603758 0.406863
0.348838 0.907895 0.813362 0.609477 0.411765
0.354651 0.912281 0.819172 0.620915 0.422969
0.369186 0.923245 0.833696 0.641340 0.450980
0.372093 0.925439 0.836601 0.645425 0.455882
0.375000 0.927632 0.839506 0.649510 0.460784
0.377907 0.928948 0.842411 0.653595 0.465686
0.392442 0.935527 0.856935 0.676219 0.490196
0.398256 0.938158 0.862745 0.685269 0.498911
0.404069 0.940790 0.867102 0.694319 0.507625
0.415698 0.949561 0.875817 0.712418 0.525054
0.418604 0.951755 0.877996 0.716049 0.529412
0.424418 0.956140 0.882353 0.723312 0.537582
0.430232 0.960526 0.888163 0.730574 0.545752
0.441861 0.963158 0.899782 0.745098 0.562092
0.450581 0.965132 0.908497 0.753813 0.574346
0.459302 0.967105 0.910458 0.762527 0.586601
0.465116 0.968422 0.911765 0.768337 0.594771
0.468023 0.969079 0.912418 0.771242 0.598402
0.479651 0.971710 0.915033 0.782861 0.612927
0.488372 0.973684 0.918954 0.791576 0.623820
0.491279 0.974342 0.920261 0.794481 0.627451
0.494186 0.975000 0.921569 0.797386 0.630356
0.508721 0.978289 0.928105 0.808279 0.644880
0.517441 0.980263 0.932462 0.814815 0.653595
0.520349 0.980994 0.933914 0.816993 0.657226
0.534884 0.984650 0.941176 0.830065 0.675381
0.543604 0.986842 0.945098 0.837908 0.686275
0.549418 0.986842 0.947712 0.843137 0.692084
0.563953 0.986842 0.954248 0.850399 0.706609
0.569767 0.986842 0.955556 0.853304 0.712418
0.572674 0.986842 0.956209 0.854757 0.715323
0.575582 0.987500 0.956863 0.856209 0.718228
0.593023 0.991447 0.960784 0.864052 0.735657
0.595930 0.992105 0.961511 0.865359 0.738562
0.601744 0.993421 0.962963 0.867974 0.742484
0.604651 0.993421 0.963689 0.869281 0.744444
0.619186 0.993421 0.967320 0.880174 0.754248
0.625000 0.993421 0.968627 0.884532 0.758170
0.630814 0.993421 0.969935 0.888889 0.762527
0.648256 0.997369 0.973856 0.896732 0.775599
0.651162 0.998026 0.974510 0.898039 0.777778
0.659884 1.000000 0.976471 0.901961 0.784314
0.677325 1.000000 0.980392 0.905882 0.797386
0.688953 1.000000 0.980392 0.908497 0.802614
0.706395 1.000000 0.980392 0.917211 0.810458
0.715117 1.000000 0.980392 0.921569 0.816993
0.732558 1.000000 0.980392 0.929412 0.830065
0.744186 1.000000 0.980392 0.934641 0.835294
0.761628 1.000000 0.980392 0.934641 0.843137
0.770348 1.000000 0.980392 0.934641 0.847059
0.790697 1.000000 0.980392 0.943791 0.856209
0.799419 1.000000 0.980392 0.947712 0.860566
0.816860 1.000000 0.980392 0.951634 0.869281
0.828489 1.000000 0.980392 0.954248 0.874510
0.845930 1.000000 0.980392 0.954248 0.882353
0.857558 1.000000 0.980392 0.954248 0.885258
0.872093 1.000000 1.000000 0.957516 0.888889
0.886628 1.000000 1.000000 0.960784 0.895425
0.901163 1.000000 1.000000 0.964415 0.901961
0.912791 1.000000 1.000000 0.967320 0.904575
0.930232 1.000000 1.000000 0.967320 0.908497
0.941860 1.000000 1.000000 0.967320 0.911111
0.959302 1.000000 1.000000 0.971242 0.915033
0.970930 1.000000 1.000000 0.973856 0.917938
0.985465 1.000000 1.000000 0.977124 0.921569
1.000000 1.000000 1.000000 0.980392 0.925200
