0.000000 0.000000 0.000000 0.000000 0.000000
0.031977 0.013158 0.000000 0.000000 0.000000
0.049419 0.065790 0.013158 0.000000 0.000000
0.052326 0.080592 0.019737 0.000000 0.000000
0.061047 0.125000 0.039474 0.000000 0.000000
0.072674 0.184211 0.065790 0.005757 0.003947
0.084302 0.250000 0.100877 0.022204 0.009211
0.087209 0.264803 0.109649 0.026316 0.010526
0.090116 0.279605 0.118421 0.030428 0.011842
0.093023 0.294408 0.128947 0.034540 0.013158
0.095930 0.309211 0.139474 0.038651 0.014474
0.104651 0.368421 0.171053 0.050987 0.018421
0.110465 0.398026 0.194737 0.059210 0.021053
0.116279 0.427632 0.218421 0.070724 0.023684
0.119186 0.442434 0.230263 0.076480 0.025000
0.122093 0.457237 0.242105 0.082237 0.026316
0.127907 0.486842 0.265789 0.093750 0.032164
0.133721 0.519737 0.289474 0.105263 0.038012
0.139535 0.552632 0.310526 0.118421 0.043860
0.148256 0.584211 0.342105 0.138158 0.052632
0.154070 0.605263 0.365789 0.151316 0.060855
0.162790 0.634868 0.401316 0.171053 0.073191
0.171512 0.664474 0.427632 0.190789 0.085526
0.174419 0.675000 0.436404 0.197368 0.089181
0.180232 0.696053 0.453947 0.212406 0.096491
0.186047 0.717105 0.473684 0.227444 0.103801
0.194768 0.736842 0.503289 0.250000 0.114766
0.197674 0.743421 0.513158 0.257675 0.118421
0.206395 0.763158 0.539474 0.280702 0.133224
0.212210 0.776316 0.557018 0.296053 0.143092
0.215116 0.782895 0.565789 0.303571 0.148026
0.220930 0.796053 0.581140 0.318609 0.157895
0.232559 0.822368 0.611842 0.348684 0.177632
0.244186 0.842105 0.638158 0.375000 0.197368
0.252907 0.856908 0.657895 0.394737 0.214286
0.255814 0.861842 0.664474 0.402412 0.219925
0.264535 0.874178 0.684211 0.425439 0.236842
0.270349 0.882401 0.697368 0.440789 0.248355
0.273256 0.886513 0.703947 0.447368 0.254112
0.279070 0.894737 0.715461 0.460526 0.265625
0.287791 0.900658 0.732730 0.480263 0.282895
0.290697 0.902632 0.738487 0.486842 0.287829
0.296512 0.906579 0.750000 0.500000 0.297697
0.308140 0.914474 0.769737 0.526316 0.317434
0.311046 0.916667 0.774671 0.532895 0.322368
0.331395 0.932018 0.809211 0.567434 0.361842
0.331395 0.932018 0.809211 0.567434 0.361842
0.334302 0.934211 0.812135 0.572368 0.366776
0.354651 0.948026 0.832602 0.606908 0.401316
0.357558 0.950000 0.835526 0.611842 0.406250
0.363373 0.953947 0.841374 0.623120 0.416118
0.377907 0.957602 0.855994 0.651316 0.440789
0.383721 0.959064 0.861842 0.659211 0.449013
0.389535 0.960526 0.865789 0.667105 0.457237
0.392442 0.961842 0.867763 0.671053 0.461349
0.401163 0.965789 0.873684 0.683388 0.473684
0.412791 0.971053 0.881579 0.699836 0.493421
0.415698 0.972368 0.884503 0.703947 0.498355
0.418605 0.973684 0.887427 0.707602 0.503289
0.424419 0.975000 0.893275 0.714912 0.513158
0.438954 0.978289 0.907895 0.733187 0.533717
0.441860 0.978947 0.909357 0.736842 0.537829
0.447675 0.980263 0.912281 0.742690 0.546053
0.465116 0.984649 0.921053 0.760234 0.569737
0.468024 0.985380 0.922368 0.763158 0.573684
0.473838 0.986842 0.925000 0.769006 0.581579
0.476744 0.987500 0.926316 0.771930 0.585526
0.494187 0.991447 0.934211 0.789474 0.603070
0.502907 0.993421 0.938596 0.795395 0.611842
0.520349 0.993421 0.947368 0.807237 0.636513
0.523256 0.993421 0.948026 0.809211 0.640625
0.526163 0.993421 0.948684 0.812135 0.644737
0.531977 0.993421 0.950000 0.817982 0.650585
0.549419 0.993421 0.953947 0.835526 0.668129
0.552325 0.993421 0.954605 0.837719 0.671053
0.575581 0.993421 0.959868 0.855263 0.692105
0.578489 0.993421 0.960526 0.856579 0.694737
0.581396 0.993421 0.961988 0.857895 0.697368
0.604652 0.993421 0.973684 0.868421 0.720760
0.607558 1.000000 0.973684 0.870614 0.723684
0.630814 1.000000 0.973684 0.888158 0.741228
0.633721 1.000000 0.973684 0.889474 0.743421
0.659884 1.000000 0.979605 0.901316 0.769737
0.659884 1.000000 0.979605 0.901316 0.769737
0.662791 1.000000 0.980263 0.902047 0.771053
0.686047 1.000000 0.985526 0.907895 0.781579
0.688954 1.000000 0.986184 0.909211 0.782895
0.691861 1.000000 0.986842 0.910526 0.785088
0.715117 1.000000 0.992105 0.921053 0.802632
0.744186 1.000000 0.998684 0.927632 0.822368
0.744186 1.000000 0.998684 0.927632 0.822368
0.770349 1.000000 1.000000 0.934211 0.835526
0.799419 1.000000 1.000000 0.947368 0.848684
0.799419 1.000000 1.000000 0.947368 0.848684
0.825582 1.000000 1.000000 0.953289 0.861842
0.828489 1.000000 1.000000 0.953947 0.862500
0.854651 1.000000 1.000000 0.953947 0.868421
0.857558 1.000000 1.000000 0.953947 0.869737
0.883722 1.000000 1.000000 0.959868 0.881579
0.886629 1.000000 1.000000 0.960526 0.883041
0.909884 1.000000 1.000000 0.966374 0.894737
0.912791 1.000000 1.000000 0.967105 0.895395
0.938954 1.000000 1.000000 0.973026 0.901316
0.941861 1.000000 1.000000 0.973684 0.901974
0.968024 1.000000 1.000000 0.973684 0.907895
0.970931 1.000000 1.000000 0.973684 0.908626
0.994187 1.000000 1.000000 0.973684 0.914474
1.000000 1.000000 1.000000 0.973684 0.915936
