0.000000 0.000000 0.000000 0.000000 0.000000
0.036811 0.026432 0.006013 0.000000 0.000000
0.045652 0.070427 0.020157 0.000000 0.000000
0.047975 0.081989 0.023874 0.000000 0.000001
0.062066 0.137517 0.046417 0.000000 0.005840
0.068704 0.182312 0.057037 0.000000 0.008590
0.070304 0.193103 0.062613 0.000000 0.009253
0.078480 0.254876 0.091124 0.009850 0.012640
0.082856 0.276649 0.106379 0.016850 0.014453
0.089645 0.310434 0.128519 0.027711 0.017266
0.092360 0.330949 0.137375 0.032056 0.018391
0.095408 0.353971 0.147313 0.036931 0.019654
0.097821 0.372207 0.155185 0.040793 0.020654
0.099873 0.382417 0.161877 0.044075 0.021504
0.108985 0.427764 0.207223 0.058654 0.025279
0.111037 0.441610 0.217434 0.061936 0.026129
0.115413 0.471134 0.234675 0.068936 0.027942
0.117223 0.483351 0.241809 0.071832 0.028692
0.124555 0.512244 0.270702 0.083562 0.031730
0.125128 0.514503 0.272961 0.084480 0.032491
0.131314 0.538878 0.294529 0.094376 0.040706
0.138465 0.574465 0.319462 0.105816 0.050203
0.139280 0.578519 0.322303 0.107566 0.051284
0.142478 0.594435 0.338219 0.114435 0.055532
0.147667 0.614887 0.364046 0.125582 0.062424
0.150443 0.625826 0.377860 0.131544 0.065693
0.156569 0.649963 0.401997 0.144700 0.072906
0.158530 0.656801 0.409726 0.148912 0.075216
0.164534 0.677737 0.433388 0.161809 0.082287
0.170720 0.699304 0.451248 0.175094 0.089571
0.173707 0.706663 0.459873 0.181510 0.093089
0.178595 0.718705 0.473987 0.192008 0.100909
0.181612 0.726138 0.482699 0.200721 0.105736
0.190725 0.748587 0.518608 0.227032 0.120314
0.195673 0.759215 0.538108 0.241320 0.128231
0.195704 0.759280 0.538227 0.241385 0.128279
0.196760 0.761548 0.541276 0.243653 0.129969
0.212782 0.795960 0.587539 0.278065 0.155602
0.215738 0.802311 0.593890 0.284416 0.160332
0.219811 0.811060 0.602639 0.294451 0.166849
0.225123 0.822466 0.614045 0.307533 0.176589
0.232847 0.832724 0.630635 0.326562 0.190755
0.235743 0.836570 0.638999 0.333698 0.196067
0.239937 0.842140 0.651109 0.344252 0.203759
0.248234 0.853160 0.675068 0.365132 0.219301
0.249925 0.854744 0.679947 0.369383 0.222466
0.252882 0.857518 0.684677 0.376824 0.228005
0.262929 0.866941 0.700752 0.401577 0.246826
0.272887 0.876280 0.716682 0.426106 0.265087
0.272977 0.876365 0.716827 0.426301 0.265253
0.274335 0.877638 0.719317 0.429217 0.267743
0.283055 0.885816 0.735310 0.447946 0.283735
0.292951 0.895098 0.753460 0.469202 0.302273
0.293102 0.895240 0.753737 0.469526 0.302556
0.300435 0.902116 0.765467 0.485274 0.316290
0.306047 0.904442 0.774446 0.497328 0.326802
0.313016 0.907329 0.785597 0.512298 0.337953
0.316155 0.908630 0.790617 0.518053 0.342973
0.329099 0.913993 0.802757 0.541793 0.363682
0.329582 0.914193 0.803210 0.542678 0.364568
0.333142 0.915668 0.806549 0.549208 0.371097
0.342255 0.919443 0.815095 0.566277 0.387809
0.349224 0.922331 0.821632 0.579332 0.400592
0.356134 0.925194 0.828113 0.592275 0.411646
0.358729 0.926269 0.830547 0.595721 0.415798
0.368355 0.928437 0.839574 0.608503 0.431197
0.372277 0.929321 0.842037 0.613712 0.437472
0.379247 0.930891 0.846413 0.622969 0.448623
0.385010 0.932189 0.850031 0.631903 0.457843
0.395329 0.936464 0.856510 0.647902 0.474353
0.397441 0.937339 0.857836 0.651176 0.477732
0.410958 0.942940 0.867288 0.672133 0.499358
0.414157 0.944265 0.869525 0.675132 0.504475
0.418382 0.944265 0.872478 0.679094 0.511233
0.423601 0.944265 0.876128 0.683990 0.518165
0.437059 0.944265 0.884578 0.696611 0.536037
0.441495 0.944265 0.887363 0.700771 0.541927
0.443425 0.944265 0.888575 0.702582 0.545016
0.452689 0.945837 0.894391 0.711270 0.559836
0.463159 0.947949 0.896749 0.721089 0.576587
0.464546 0.948229 0.897062 0.722932 0.578807
0.472633 0.949859 0.898884 0.733671 0.588031
0.478969 0.949859 0.900311 0.742086 0.595259
0.486271 0.949859 0.903336 0.751783 0.603588
0.501901 0.949859 0.909812 0.761597 0.621416
0.502172 0.949859 0.909924 0.761767 0.621726
0.508116 0.949859 0.912387 0.765499 0.627300
0.515358 0.949859 0.915387 0.770046 0.634092
0.528272 0.949859 0.920738 0.782158 0.646204
0.537264 0.949859 0.924464 0.790591 0.654637
0.541458 0.949859 0.925408 0.794524 0.658570
0.554372 0.949859 0.928317 0.803554 0.670682
0.563544 0.949859 0.930383 0.809968 0.679285
0.567618 0.949859 0.930383 0.812816 0.683105
0.580472 0.949859 0.930383 0.818142 0.695161
0.592812 0.949859 0.930383 0.823255 0.706735
0.596766 0.949859 0.931725 0.824893 0.710442
0.606571 0.949859 0.935788 0.831050 0.719639
0.621960 0.949859 0.942164 0.840711 0.726015
0.625852 0.949859 0.942164 0.843155 0.727627
0.635719 0.949859 0.942164 0.847711 0.731715
0.651228 0.949859 0.942164 0.854871 0.746261
0.652073 1.000000 0.942164 0.855261 0.747053
0.661819 1.000000 0.942164 0.859299 0.756194
0.681220 1.000000 0.942164 0.867338 0.768375
0.690905 1.000000 0.942164 0.871809 0.774456
0.707441 1.000000 0.942164 0.879444 0.782090
0.717126 1.000000 0.942164 0.881397 0.786562
0.736648 1.000000 0.942164 0.885334 0.798819
0.746213 1.000000 0.942164 0.889297 0.804825
0.765796 1.000000 0.942164 0.897410 0.813866
0.772434 1.000000 0.942164 0.898905 0.816931
0.792077 1.000000 1.000000 0.903330 0.825069
0.801581 1.000000 1.000000 0.905247 0.829007
0.821284 1.000000 1.000000 0.909220 0.837170
0.830728 1.000000 1.000000 0.911125 0.841083
0.850492 1.000000 1.000000 0.915110 0.845535
0.857010 1.000000 1.000000 0.916425 0.847003
0.879699 1.000000 1.000000 0.921000 0.856404
0.886156 1.000000 1.000000 0.921000 0.859079
0.908967 1.000000 1.000000 0.921000 0.863680
0.915364 1.000000 1.000000 0.922145 0.864970
0.935249 1.000000 1.000000 0.926624 0.868980
0.944572 1.000000 1.000000 0.926624 0.870860
0.964517 1.000000 1.000000 0.926624 0.880068
0.970792 1.000000 1.000000 0.926624 0.882966
0.993785 1.000000 1.000000 0.926624 0.887603
1.000000 1.000000 1.000000 0.926624 0.888856
