0.000000 0.000000 0.000000 0.000000 0.000000
0.014409 0.000095 0.000000 0.000000 0.000000
0.034582 0.019964 0.000000 0.000000 0.000000
0.048991 0.072691 0.020059 0.000000 0.000000
0.063401 0.131996 0.053049 0.000000 0.000000
0.066282 0.158331 0.059647 0.003726 0.000000
0.069164 0.173152 0.066244 0.007856 0.000000
0.077810 0.217617 0.092617 0.020249 0.002705
0.086455 0.272937 0.118990 0.032641 0.009341
0.092219 0.309817 0.142712 0.040903 0.013765
0.100865 0.354282 0.178295 0.053295 0.020400
0.103746 0.369104 0.190156 0.058248 0.022612
0.115274 0.434969 0.237600 0.078061 0.031460
0.118156 0.450777 0.250777 0.083014 0.033672
0.123919 0.482394 0.277131 0.092921 0.041020
0.126801 0.498203 0.290308 0.099518 0.044694
0.129683 0.514011 0.302169 0.106116 0.048368
0.141210 0.561455 0.349613 0.132508 0.063063
0.144092 0.573316 0.361474 0.139106 0.066737
0.155620 0.632603 0.408919 0.165497 0.086550
0.164265 0.658975 0.440554 0.185291 0.101410
0.167147 0.667766 0.451100 0.194082 0.106363
0.170029 0.676557 0.461645 0.202873 0.111316
0.172911 0.685348 0.471532 0.211664 0.116269
0.181556 0.711721 0.501194 0.238037 0.131129
0.187320 0.729303 0.520969 0.253112 0.141035
0.190202 0.738093 0.531514 0.260650 0.145988
0.201729 0.768871 0.573696 0.290801 0.165801
0.207493 0.784260 0.588771 0.306190 0.175707
0.213256 0.795994 0.603847 0.321578 0.185614
0.219020 0.807727 0.618922 0.336967 0.196930
0.221902 0.813594 0.626460 0.343565 0.202588
0.233429 0.837062 0.657237 0.369957 0.225220
0.239193 0.846968 0.672626 0.383153 0.236771
0.239193 0.846968 0.672626 0.383153 0.236771
0.256484 0.876687 0.712214 0.428379 0.271424
0.259366 0.879630 0.718812 0.435917 0.277082
0.276657 0.897288 0.748531 0.475504 0.311031
0.279539 0.900231 0.753484 0.482102 0.317629
0.282421 0.903174 0.758437 0.488700 0.324226
0.296830 0.909848 0.765111 0.521690 0.357216
0.299712 0.912060 0.766445 0.528288 0.362169
0.311239 0.920907 0.771784 0.550920 0.381982
0.314121 0.923119 0.784961 0.556578 0.386935
0.319885 0.928796 0.811315 0.567894 0.396841
0.322767 0.931635 0.824492 0.573670 0.401795
0.334294 0.942989 0.839188 0.596772 0.421607
0.342939 0.948685 0.850209 0.614098 0.436467
0.348703 0.952482 0.857557 0.624005 0.449663
0.354467 0.956279 0.863443 0.633911 0.462858
0.363112 0.958310 0.872272 0.648770 0.482652
0.365994 0.958987 0.875215 0.653724 0.486783
0.374640 0.961017 0.884044 0.659420 0.499175
0.383285 0.963048 0.890022 0.665116 0.511568
0.386167 0.963889 0.892014 0.667014 0.515698
0.391931 0.965572 0.896000 0.693368 0.524508
0.403458 0.968937 0.903970 0.709891 0.542128
0.406340 0.969779 0.906182 0.714022 0.546533
0.412104 0.971278 0.910606 0.722284 0.555343
0.414986 0.972028 0.912818 0.726414 0.559474
0.429395 0.975778 0.923878 0.741129 0.580128
0.432277 0.976528 0.925212 0.744072 0.584258
0.435159 0.978192 0.926547 0.747015 0.588389
0.440922 0.981519 0.929217 0.752901 0.595737
0.455331 0.989838 0.935890 0.767615 0.614107
0.458213 0.989857 0.937225 0.770558 0.617781
0.461095 0.989876 0.937975 0.773501 0.621455
0.466859 0.989914 0.939475 0.779387 0.629716
0.484150 0.990027 0.943975 0.795290 0.654501
0.487032 0.990046 0.945309 0.797941 0.658175
0.495677 0.991897 0.949314 0.805893 0.669197
0.510086 0.994983 0.955987 0.816952 0.687566
0.512968 0.995600 0.957322 0.819164 0.690509
0.518732 0.996834 0.958676 0.823588 0.696395
0.521614 0.997451 0.959353 0.825800 0.699338
0.536023 1.000000 0.962737 0.840515 0.714053
0.541787 1.000000 0.964091 0.846401 0.719939
0.547550 1.000000 0.967053 0.852287 0.725825
0.550432 1.000000 0.968534 0.854279 0.728767
0.561960 1.000000 0.974457 0.862250 0.740539
0.567723 1.000000 0.977419 0.866235 0.744963
0.576369 1.000000 0.979450 0.872213 0.751599
0.587896 1.000000 0.982157 0.878137 0.760447
0.596542 1.000000 0.984188 0.882580 0.768398
0.602305 1.000000 0.984226 0.885541 0.773699
0.616715 1.000000 0.984320 0.892215 0.786952
0.619597 1.000000 0.984339 0.893550 0.788433
0.625360 1.000000 0.984377 0.896219 0.791395
0.631124 1.000000 0.984415 0.898889 0.794357
0.642651 1.000000 0.984491 0.904813 0.800281
0.654179 1.000000 0.984567 0.910737 0.808251
0.657061 1.000000 0.985244 0.912218 0.810244
0.668588 1.000000 0.987951 0.917556 0.818214
0.671470 1.000000 0.988628 0.918891 0.820207
0.682997 1.000000 0.991336 0.924230 0.829055
0.685879 1.000000 0.992085 0.925565 0.831267
0.697406 1.000000 0.995085 0.928272 0.840115
0.708934 1.000000 0.998085 0.930980 0.845454
0.711816 1.000000 0.998104 0.931657 0.846788
0.714697 1.000000 0.998123 0.932334 0.848123
0.726225 1.000000 0.998199 0.935333 0.853462
0.737752 1.000000 0.998275 0.938333 0.859386
0.740634 1.000000 0.999233 0.939083 0.860867
0.752161 1.000000 1.000000 0.944422 0.866791
0.757925 1.000000 1.000000 0.947092 0.869460
0.760807 1.000000 1.000000 0.948426 0.870795
0.769452 1.000000 1.000000 0.952431 0.874799
0.780980 1.000000 1.000000 0.955138 0.880138
0.786744 1.000000 1.000000 0.956492 0.883100
0.798271 1.000000 1.000000 0.959199 0.889024
0.806916 1.000000 1.000000 0.961230 0.893467
0.815562 1.000000 1.000000 0.963260 0.895497
0.827089 1.000000 1.000000 0.965968 0.898205
0.835735 1.000000 1.000000 0.966025 0.900235
0.838617 1.000000 1.000000 0.966044 0.901570
0.844380 1.000000 1.000000 0.966081 0.904239
0.855908 1.000000 1.000000 0.966157 0.909578
0.864553 1.000000 1.000000 0.968407 0.913583
0.873199 1.000000 1.000000 0.970657 0.915832
0.881844 1.000000 1.000000 0.972907 0.918082
0.890490 1.000000 1.000000 0.974937 0.920332
0.902017 1.000000 1.000000 0.977645 0.923040
0.910663 1.000000 1.000000 0.979675 0.925070
0.919308 1.000000 1.000000 0.979732 0.927101
0.930836 1.000000 1.000000 0.979808 0.932440
0.939481 1.000000 1.000000 0.979865 0.936444
0.948127 1.000000 1.000000 0.981896 0.940448
0.959654 1.000000 1.000000 0.984603 0.940524
0.968300 1.000000 1.000000 0.986634 0.940581
0.976945 1.000000 1.000000 0.986690 0.940638
0.988473 1.000000 1.000000 1.000000 0.940714
0.997118 1.000000 1.000000 1.000000 0.940771
1.000000 1.000000 1.000000 1.000000 0.940808
